2.2174321084548576e-10
2.2611823971165227e-10
2.3059723376802702e-10
2.3518308597361717e-10
2.398787816283912e-10
2.4468740170148545e-10
2.4961212629319146e-10
2.546562382366656e-10
2.5982312684558615e-10
2.651162918142815e-10
2.7053934727719023e-10
2.7609602603483033e-10
2.817901839538238e-10
2.8762580454889074e-10
2.936070037551256e-10
2.997380348992788e-10
3.060232938792046e-10
3.1246732456111175e-10
3.190748244047157e-10
3.2585065032693354e-10
3.3279982481528243e-10
3.3992754230273164e-10
3.4723917581635093e-10
3.547402839127484e-10
3.6243661791395325e-10
3.703341294581214e-10
3.784389783801944e-10
3.8675754093842846e-10
3.952964184035663e-10
4.0406244602830356e-10
4.1306270241565287e-10
4.223045193057861e-10
4.3179549180202663e-10
4.415434890577291e-10
4.5155666544700946e-10
4.6184347224352065e-10
4.724126698327886e-10
4.832733404850447e-10
4.944349017169662e-10
5.059071202723214e-10
5.177001267531845e-10
5.298244309351693e-10
5.422909378019974e-10
5.55110964336746e-10
5.682962571091993e-10
5.818590107010264e-10
5.958118870128643e-10
6.101680354999555e-10
6.249411143856679e-10
6.401453129051204e-10
6.557953746341734e-10
6.719066219623074e-10
6.884949817713557e-10
7.055770123857464e-10
7.231699318638285e-10
7.412916477040167e-10
7.599607880439422e-10
7.791967344355293e-10
7.990196562839629e-10
8.194505470438947e-10
8.405112622719863e-10
8.622245596409738e-10
8.846141410270379e-10
9.077046967891727e-10
9.315219523667473e-10
9.560927173293898e-10
9.814449370218468e-10
1.0076077469555464e-9
1.0346115301083474e-9
1.0624879773043286e-9
1.0912701508566387e-9
1.1209925516683305e-9
1.1516911899988625e-9
1.1834036601176427e-9
1.2161692190806435e-9
1.2500288698818122e-9
1.2850254492478718e-9
1.3212037203631713e-9
1.3586104708306673e-9
1.3972946161959297e-9
1.4373073093834656e-9
1.4787020564186838e-9
1.5215348388346939e-9
1.5658642431908909e-9
1.6117515981602558e-9
1.6592611196743979e-9
1.7084600646501151e-9
1.7594188938585076e-9
1.8122114445379347e-9
1.8669151133955288e-9
1.9236110506886594e-9
1.982384366128284e-9
2.0433243474006532e-9
2.106524692162553e-9
2.172083754428998e-9
2.2401048063409557e-9
2.310696316374993e-9
2.383972245137265e-9
2.460052359971241e-9
2.539062569702897e-9
2.621135280949318e-9
2.70640977752739e-9
2.7950326246194196e-9
2.887158099482894e-9
2.982948650633244e-9
3.0825753875821025e-9
3.1862186033808883e-9
3.294068332401119e-9
3.406324945980812e-9
3.523199788781521e-9
3.6449158589350294e-9
3.771708535314503e-9
3.903826355543398e-9
4.041531848659624e-9
4.185102426684486e-9
4.334831339708542e-9
4.491028699502856e-9
4.65402257709788e-9
4.824160180246362e-9
5.001809117206482e-9
5.187358753850538e-9
5.381221671728758e-9
5.58383523540258e-9
5.795663278113768e-9
6.017197915681297e-9
6.248961499426608e-9
6.491508719925983e-9
6.745428874489246e-9
7.0113483124748805e-9
7.289933073887345e-9
7.581891738176e-9
7.887978501781559e-9
8.208996504773042e-9
8.545801428906224e-9
8.899305391632915e-9
9.270481163025908e-9
9.660366735284067e-9
1.0070070277474773e-8
1.0500775511495756e-8
1.0953747548929648e-8
1.1430339232571533e-8
1.193199803097896e-8
1.2460273539484394e-8
1.3016825646784904e-8
1.3603433432556972e-8
1.4222004868617447e-8
1.4874587404058866e-8
1.5563379523636893e-8
1.6290743378598235e-8
1.7059218600250835e-8
1.787153741904885e-8
1.873064122597784e-8
1.963969872878151e-8
2.060212587331103e-8
2.1621607720270172e-8
2.270212249018411e-8
2.3847968014893618e-8
2.5063790862683192e-8
2.6354618436756556e-8
2.772589438373082e-8
2.9183517690751656e-8
3.073388589747025e-8
3.2383942903309335e-8
3.4141231912156684e-8
3.601395412699768e-8
3.80110338873519e-8
4.014219103425144e-8
4.2418021392683276e-8
4.485008638201025e-8
4.745101290333802e-8
5.0234604811981796e-8
5.321596746647749e-8
5.641164705695232e-8
5.983978665977968e-8
6.352030124782061e-8
6.74750742127013e-8
7.172817833522314e-8
7.630612458129465e-8
8.123814261460364e-8
8.65564975165612e-8
9.22968479043252e-8
9.849865145742612e-8
1.052056248248278e-7
1.1246626601375847e-7
1.2033444869133377e-7
1.2887009939845656e-7
1.3813997052933417e-7
1.4821852412569932e-7
1.5918894414101232e-7
1.7114429793003162e-7
1.8418887141497223e-7
1.9843970679556285e-7
2.140283769593544e-7
2.3110303709836983e-7
2.4983080168000303e-7
2.7040050414006755e-7
2.9302590781865173e-7
3.179494501857351e-7
3.454466188530581e-7
3.758310779288085e-7
4.0946068780460646e-7
4.4674459155510746e-7
4.88151578149306e-7
5.342199783546371e-7
5.855694057658709e-7
6.429147256238172e-7
7.070827216046701e-7
7.790320401852973e-7
8.59877129487289e-7
9.509170623934161e-7
1.0536703522455714e-6
1.1699171466598958e-6
1.3017505380735978e-6
1.4516391811142852e-6
1.6225039865338025e-6
1.8178124087732342e-6
2.041694811844623e-6
2.2990886565383374e-6
2.5959178956264467e-6
2.939317120488257e-6
3.3379128456809477e-6
3.8021780833933274e-6
4.3448813702918245e-6
4.981658108559892e-6
5.7317410829069845e-6
6.618899163562081e-6
7.672649679873662e-6
8.929832392687349e-6
0.000010436663701894236
0.000012251431911892416
0.00001444805254124769
0.000017120783092570097
0.000020390508148474402
0.000024413160215430995
0.000029391055848925636
0.00003558822210898247
0.000043351193116966434
0.00005313730302443763
0.00006555322179819912
0.00008140738815290199
0.00010178104522977596
0.00012812358017230972
0.0001623782415337496
0.00020714265899462013
0.0002658616910966101
0.0003430308137432758
0.000444340990577867
0.0005765874919965768
0.0007469248143927413
0.0009605265441422758
0.0012145669413206113
0.00148386045577693
0.001687175575911731
0.0016067114305384068
0.0007066636102908497
-0.001906111324015559
-0.004401910763121757
-0.001906111324015559
0.0007066636102908497
0.0016067114305384068
0.001687175575911731
0.00148386045577693
0.0012145669413206113
0.0009605265441422758
0.0007469248143927413
0.0005765874919965768
0.000444340990577867
0.0003430308137432758
0.0002658616910966101
0.00020714265899462013
0.0001623782415337496
0.00012812358017230972
0.00010178104522977596
0.00008140738815290199
0.00006555322179819912
0.00005313730302443763
0.000043351193116966434
0.00003558822210898247
0.000029391055848925636
0.000024413160215430995
0.000020390508148474402
0.000017120783092570097
0.00001444805254124769
0.000012251431911892416
0.000010436663701894236
8.929832392687349e-6
7.672649679873662e-6
6.618899163562081e-6
5.7317410829069845e-6
4.981658108559892e-6
4.3448813702918245e-6
3.8021780833933274e-6
3.3379128456809477e-6
2.939317120488257e-6
2.5959178956264467e-6
2.2990886565383374e-6
2.041694811844623e-6
1.8178124087732342e-6
1.6225039865338025e-6
1.4516391811142852e-6
1.3017505380735978e-6
1.1699171466598958e-6
1.0536703522455714e-6
9.509170623934161e-7
8.59877129487289e-7
7.790320401852973e-7
7.070827216046701e-7
6.429147256238172e-7
5.855694057658709e-7
5.342199783546371e-7
4.88151578149306e-7
4.4674459155510746e-7
4.0946068780460646e-7
3.758310779288085e-7
3.454466188530581e-7
3.179494501857351e-7
2.9302590781865173e-7
2.7040050414006755e-7
2.4983080168000303e-7
2.3110303709836983e-7
2.140283769593544e-7
1.9843970679556285e-7
1.8418887141497223e-7
1.7114429793003162e-7
1.5918894414101232e-7
1.4821852412569932e-7
1.3813997052933417e-7
1.2887009939845656e-7
1.2033444869133377e-7
1.1246626601375847e-7
1.052056248248278e-7
9.849865145742612e-8
9.22968479043252e-8
8.65564975165612e-8
8.123814261460364e-8
7.630612458129465e-8
7.172817833522314e-8
6.74750742127013e-8
6.352030124782061e-8
5.983978665977968e-8
5.641164705695232e-8
5.321596746647749e-8
5.0234604811981796e-8
4.745101290333802e-8
4.485008638201025e-8
4.2418021392683276e-8
4.014219103425144e-8
3.80110338873519e-8
3.601395412699768e-8
3.4141231912156684e-8
3.2383942903309335e-8
3.073388589747025e-8
2.9183517690751656e-8
2.772589438373082e-8
2.6354618436756556e-8
2.5063790862683192e-8
2.3847968014893618e-8
2.270212249018411e-8
2.1621607720270172e-8
2.060212587331103e-8
1.963969872878151e-8
1.873064122597784e-8
1.787153741904885e-8
1.7059218600250835e-8
1.6290743378598235e-8
1.5563379523636893e-8
1.4874587404058866e-8
1.4222004868617447e-8
1.3603433432556972e-8
1.3016825646784904e-8
1.2460273539484394e-8
1.193199803097896e-8
1.1430339232571533e-8
1.0953747548929648e-8
1.0500775511495756e-8
1.0070070277474773e-8
9.660366735284067e-9
9.270481163025908e-9
8.899305391632915e-9
8.545801428906224e-9
8.208996504773042e-9
7.887978501781559e-9
7.581891738176e-9
7.289933073887345e-9
7.0113483124748805e-9
6.745428874489246e-9
6.491508719925983e-9
6.248961499426608e-9
6.017197915681297e-9
5.795663278113768e-9
5.58383523540258e-9
5.381221671728758e-9
5.187358753850538e-9
5.001809117206482e-9
4.824160180246362e-9
4.65402257709788e-9
4.491028699502856e-9
4.334831339708542e-9
4.185102426684486e-9
4.041531848659624e-9
3.903826355543398e-9
3.771708535314503e-9
3.6449158589350294e-9
3.523199788781521e-9
3.406324945980812e-9
3.294068332401119e-9
3.1862186033808883e-9
3.0825753875821025e-9
2.982948650633244e-9
2.887158099482894e-9
2.7950326246194196e-9
2.70640977752739e-9
2.621135280949318e-9
2.539062569702897e-9
2.460052359971241e-9
2.383972245137265e-9
2.310696316374993e-9
2.2401048063409557e-9
2.172083754428998e-9
2.106524692162553e-9
2.0433243474006532e-9
1.982384366128284e-9
1.9236110506886594e-9
1.8669151133955288e-9
1.8122114445379347e-9
1.7594188938585076e-9
1.7084600646501151e-9
1.6592611196743979e-9
1.6117515981602558e-9
1.5658642431908909e-9
1.5215348388346939e-9
1.4787020564186838e-9
1.4373073093834656e-9
1.3972946161959297e-9
1.3586104708306673e-9
1.3212037203631713e-9
1.2850254492478718e-9
1.2500288698818122e-9
1.2161692190806435e-9
1.1834036601176427e-9
1.1516911899988625e-9
1.1209925516683305e-9
1.0912701508566387e-9
1.0624879773043286e-9
1.0346115301083474e-9
1.0076077469555464e-9
9.814449370218468e-10
9.560927173293898e-10
9.315219523667473e-10
9.077046967891727e-10
8.846141410270379e-10
8.622245596409738e-10
8.405112622719863e-10
8.194505470438947e-10
7.990196562839629e-10
7.791967344355293e-10
7.599607880439422e-10
7.412916477040167e-10
7.231699318638285e-10
7.055770123857464e-10
6.884949817713557e-10
6.719066219623074e-10
6.557953746341734e-10
6.401453129051204e-10
6.249411143856679e-10
6.101680354999555e-10
5.958118870128643e-10
5.818590107010264e-10
5.682962571091993e-10
5.55110964336746e-10
5.422909378019974e-10
5.298244309351693e-10
5.177001267531845e-10
5.059071202723214e-10
4.944349017169662e-10
4.832733404850447e-10
4.724126698327886e-10
4.6184347224352065e-10
4.5155666544700946e-10
4.415434890577291e-10
4.3179549180202663e-10
4.223045193057861e-10
4.1306270241565287e-10
4.0406244602830356e-10
3.952964184035663e-10
3.8675754093842846e-10
3.784389783801944e-10
3.703341294581214e-10
3.6243661791395325e-10
3.547402839127484e-10
3.4723917581635093e-10
3.3992754230273164e-10
3.3279982481528243e-10
3.2585065032693354e-10
3.190748244047157e-10
3.1246732456111175e-10
3.060232938792046e-10
2.997380348992788e-10
2.936070037551256e-10
2.8762580454889074e-10
2.817901839538238e-10
2.7609602603483033e-10
2.7053934727719023e-10
2.651162918142815e-10
2.5982312684558615e-10
2.546562382366656e-10
2.4961212629319146e-10
2.4468740170148545e-10
2.398787816283912e-10
2.3518308597361717e-10
2.3059723376802702e-10
2.2611823971165227e-10
2.2174321084548576e-10
2.7152954583809163e-9
2.7580196516314966e-9
2.8015869898203187e-9
2.8460175073487392e-9
2.8913317958866954e-9
2.937551022147905e-9
2.9846969463050654e-9
3.032791941070782e-9
3.0818590114710314e-9
3.131921815339146e-9
3.1830046845596884e-9
3.2351326470927048e-9
3.288331449810391e-9
3.342627582179532e-9
3.3980483008247062e-9
3.454621655008711e-9
3.5123765130684048e-9
3.5713425898459897e-9
3.63155047515741e-9
3.6930316633416914e-9
3.755818583936912e-9
3.819944633530761e-9
3.8854442088357934e-9
3.9523527410419114e-9
4.0207067315010784e-9
4.090543788801837e-9
4.1619026672940684e-9
4.234823307127167e-9
4.309346875867989e-9
4.385515811768069e-9
4.463373868753001e-9
4.542966163210362e-9
4.624339222656525e-9
4.707541036366302e-9
4.792621108053834e-9
4.87963051069742e-9
4.9686219436055e-9
5.059649791826054e-9
5.152770188006727e-9
5.248041076818387e-9
5.345522282060675e-9
5.445275576573993e-9
5.547364755088891e-9
5.651855710150511e-9
5.758816511262833e-9
5.868317487405059e-9
5.980431313080375e-9
6.095233098065772e-9
6.212800481040488e-9
6.3332137272800376e-9
6.45655583061277e-9
6.582912619846401e-9
6.7123728698831486e-9
6.8450284177538124e-9
6.980974283813864e-9
7.120308798357569e-9
7.2631337339204575e-9
7.409554443555195e-9
7.55968000538169e-9
7.713623373729137e-9
7.871501537205346e-9
8.033435684047461e-9
8.199551375128476e-9
8.36997872501488e-9
8.544852591493459e-9
8.724312774009353e-9
8.908504221482744e-9
9.097577249998787e-9
9.291687770894189e-9
9.490997529794405e-9
9.695674357188121e-9
9.905892431160397e-9
1.0121832552942682e-8
1.0343682435977545e-8
1.0571637009237662e-8
1.0805898735583444e-8
1.10466779459914e-8
1.1294193190536042e-8
1.1548671607062621e-8
1.1810349308545674e-8
1.2079471790190384e-8
1.23562943573996e-8
1.2641082575800289e-8
1.293411274459801e-8
1.3235672394609497e-8
1.3546060812408792e-8
1.3865589592115514e-8
1.4194583216451999e-8
1.4533379668802224e-8
1.4882331078118871e-8
1.5241804398645964e-8
1.561218212655505e-8
1.5993863055732723e-8
1.638726307510676e-8
1.6792816010059265e-8
1.721097451064814e-8
1.764221098954338e-8
1.808701861278462e-8
1.8545912346680528e-8
1.9019430064401448e-8
1.9508133716064932e-8
2.001261056638135e-8
2.0533474504214168e-8
2.1071367428720106e-8
2.1626960717069052e-8
2.2200956779103595e-8
2.2794090704688238e-8
2.3407132009917818e-8
2.404088648880937e-8
2.469619817759151e-8
2.5373951439236095e-8
2.6075073176450847e-8
2.6800535181972224e-8
2.7551356635669925e-8
2.8328606758703616e-8
2.91334076357611e-8
2.9966937217263715e-8
3.08304325143543e-8
3.17251930004909e-8
3.265258423456614e-8
3.361404172166244e-8
3.461107502884881e-8
3.564527217483439e-8
3.6718304313828456e-8
3.783193073562753e-8
3.8988004205774345e-8
4.0188476671618156e-8
4.143540536227823e-8
4.2730959312879145e-8
4.407742634601506e-8
4.547722054623289e-8
4.69328902664191e-8
4.8447126708365836e-8
5.0022773123509846e-8
5.166283468390753e-8
5.337048907797909e-8
5.5149097890462524e-8
5.700221883140387e-8
5.893361888494017e-8
6.094728845514685e-8
6.304745659340211e-8
6.523860739962794e-8
6.752549769848918e-8
6.991317610125494e-8
7.240700357465581e-8
7.501267564981678e-8
7.773624641733793e-8
8.05841544689824e-8
8.356325096236507e-8
8.668083000271117e-8
8.994466155536336e-8
9.336302712450816e-8
9.69447584578081e-8
1.0069927956358158e-7
1.0463665235719111e-7
1.0876762628676445e-7
1.1310369232571037e-7
1.1765714176120371e-7
1.2244113025442702e-7
1.2746974770054286e-7
1.3275809447480662e-7
1.3832236471676662e-7
1.441799373780563e-7
1.5034947584193153e-7
1.5685103701567147e-7
1.6370619090163846e-7
1.7093815177079218e-7
1.7857192219560802e-7
1.8663445134978432e-7
1.9515480915227336e-7
2.041643780258367e-7
2.136970642587475e-7
2.2378953120618983e-7
2.3448145684963718e-7
2.458158185530756e-7
2.578392082201346e-7
2.7060218147278385e-7
2.841596449480586e-7
2.985712863534353e-7
3.1390205254461307e-7
3.3022268160401373e-7
3.476102957187857e-7
3.661490626004994e-7
3.859309342749744e-7
4.070564733231537e-7
4.2963577810015483e-7
4.53789520131884e-7
4.79650108825086e-7
5.073630008723476e-7
5.370881743416052e-7
5.690017904729628e-7
6.032980697386703e-7
6.401914128432493e-7
6.799188021549213e-7
7.227425246912913e-7
7.689532643799523e-7
8.188736190548222e-7
8.728621067416163e-7
9.313177364815223e-7
9.946852315391012e-7
1.0634610076943063e-6
1.138200026852603e-6
1.2195236669251095e-6
1.3081287734306297e-6
1.4047980872619308e-6
1.5104122773766204e-6
1.6259638478016303e-6
1.752573236427975e-6
1.8915074799473896e-6
2.0442018864625013e-6
2.2122852364901697e-6
2.3976091261341844e-6
2.602282175077557e-6
2.828709948638294e-6
3.0796415890520427e-6
3.358224317275694e-6
3.6680671524013106e-6
4.013315398086532e-6
4.398737656631683e-6
4.8298273363723396e-6
5.312920789559945e-6
5.855334308678304e-6
6.465522140135877e-6
7.1532573155215e-6
7.929836241039534e-6
8.808306285139044e-6
9.803712516831802e-6
0.000010933354398767648
0.000012217034231173573
0.000013677264235123715
0.000015339374761521115
0.00001723142643155254
0.00001938376471791472
0.000021827951435003044
0.0000245946392128537
0.000027709682103764603
0.00003118733216932814
0.00003501865000233119
0.00003915207845378325
0.00004346119987119705
0.00004769153576201743
0.000051373067269725425
0.00005367668912263944
0.00005317907327789442
0.00004747844604643876
0.00003256956982511889
1.8356177925576668e-6
-0.000055552567784016505
-0.00015710577430908836
-0.00033062023453516885
-0.0006188429920193856
-0.0010836608539392637
-0.0018029602497496783
-0.0028326279330655344
-0.00401015649969876
-0.004083520696722059
0
0.004083520696722059
0.00401015649969876
0.0028326279330655344
0.0018029602497496783
0.0010836608539392637
0.0006188429920193856
0.00033062023453516885
0.00015710577430908836
0.000055552567784016505
-1.8356177925576668e-6
-0.00003256956982511889
-0.00004747844604643876
-0.00005317907327789442
-0.00005367668912263944
-0.000051373067269725425
-0.00004769153576201743
-0.00004346119987119705
-0.00003915207845378325
-0.00003501865000233119
-0.00003118733216932814
-0.000027709682103764603
-0.0000245946392128537
-0.000021827951435003044
-0.00001938376471791472
-0.00001723142643155254
-0.000015339374761521115
-0.000013677264235123715
-0.000012217034231173573
-0.000010933354398767648
-9.803712516831802e-6
-8.808306285139044e-6
-7.929836241039534e-6
-7.1532573155215e-6
-6.465522140135877e-6
-5.855334308678304e-6
-5.312920789559945e-6
-4.8298273363723396e-6
-4.398737656631683e-6
-4.013315398086532e-6
-3.6680671524013106e-6
-3.358224317275694e-6
-3.0796415890520427e-6
-2.828709948638294e-6
-2.602282175077557e-6
-2.3976091261341844e-6
-2.2122852364901697e-6
-2.0442018864625013e-6
-1.8915074799473896e-6
-1.752573236427975e-6
-1.6259638478016303e-6
-1.5104122773766204e-6
-1.4047980872619308e-6
-1.3081287734306297e-6
-1.2195236669251095e-6
-1.138200026852603e-6
-1.0634610076943063e-6
-9.946852315391012e-7
-9.313177364815223e-7
-8.728621067416163e-7
-8.188736190548222e-7
-7.689532643799523e-7
-7.227425246912913e-7
-6.799188021549213e-7
-6.401914128432493e-7
-6.032980697386703e-7
-5.690017904729628e-7
-5.370881743416052e-7
-5.073630008723476e-7
-4.79650108825086e-7
-4.53789520131884e-7
-4.2963577810015483e-7
-4.070564733231537e-7
-3.859309342749744e-7
-3.661490626004994e-7
-3.476102957187857e-7
-3.3022268160401373e-7
-3.1390205254461307e-7
-2.985712863534353e-7
-2.841596449480586e-7
-2.7060218147278385e-7
-2.578392082201346e-7
-2.458158185530756e-7
-2.3448145684963718e-7
-2.2378953120618983e-7
-2.136970642587475e-7
-2.041643780258367e-7
-1.9515480915227336e-7
-1.8663445134978432e-7
-1.7857192219560802e-7
-1.7093815177079218e-7
-1.6370619090163846e-7
-1.5685103701567147e-7
-1.5034947584193153e-7
-1.441799373780563e-7
-1.3832236471676662e-7
-1.3275809447480662e-7
-1.2746974770054286e-7
-1.2244113025442702e-7
-1.1765714176120371e-7
-1.1310369232571037e-7
-1.0876762628676445e-7
-1.0463665235719111e-7
-1.0069927956358158e-7
-9.69447584578081e-8
-9.336302712450816e-8
-8.994466155536336e-8
-8.668083000271117e-8
-8.356325096236507e-8
-8.05841544689824e-8
-7.773624641733793e-8
-7.501267564981678e-8
-7.240700357465581e-8
-6.991317610125494e-8
-6.752549769848918e-8
-6.523860739962794e-8
-6.304745659340211e-8
-6.094728845514685e-8
-5.893361888494017e-8
-5.700221883140387e-8
-5.5149097890462524e-8
-5.337048907797909e-8
-5.166283468390753e-8
-5.0022773123509846e-8
-4.8447126708365836e-8
-4.69328902664191e-8
-4.547722054623289e-8
-4.407742634601506e-8
-4.2730959312879145e-8
-4.143540536227823e-8
-4.0188476671618156e-8
-3.8988004205774345e-8
-3.783193073562753e-8
-3.6718304313828456e-8
-3.564527217483439e-8
-3.461107502884881e-8
-3.361404172166244e-8
-3.265258423456614e-8
-3.17251930004909e-8
-3.08304325143543e-8
-2.9966937217263715e-8
-2.91334076357611e-8
-2.8328606758703616e-8
-2.7551356635669925e-8
-2.6800535181972224e-8
-2.6075073176450847e-8
-2.5373951439236095e-8
-2.469619817759151e-8
-2.404088648880937e-8
-2.3407132009917818e-8
-2.2794090704688238e-8
-2.2200956779103595e-8
-2.1626960717069052e-8
-2.1071367428720106e-8
-2.0533474504214168e-8
-2.001261056638135e-8
-1.9508133716064932e-8
-1.9019430064401448e-8
-1.8545912346680528e-8
-1.808701861278462e-8
-1.764221098954338e-8
-1.721097451064814e-8
-1.6792816010059265e-8
-1.638726307510676e-8
-1.5993863055732723e-8
-1.561218212655505e-8
-1.5241804398645964e-8
-1.4882331078118871e-8
-1.4533379668802224e-8
-1.4194583216451999e-8
-1.3865589592115514e-8
-1.3546060812408792e-8
-1.3235672394609497e-8
-1.293411274459801e-8
-1.2641082575800289e-8
-1.23562943573996e-8
-1.2079471790190384e-8
-1.1810349308545674e-8
-1.1548671607062621e-8
-1.1294193190536042e-8
-1.10466779459914e-8
-1.0805898735583444e-8
-1.0571637009237662e-8
-1.0343682435977545e-8
-1.0121832552942682e-8
-9.905892431160397e-9
-9.695674357188121e-9
-9.490997529794405e-9
-9.291687770894189e-9
-9.097577249998787e-9
-8.908504221482744e-9
-8.724312774009353e-9
-8.544852591493459e-9
-8.36997872501488e-9
-8.199551375128476e-9
-8.033435684047461e-9
-7.871501537205346e-9
-7.713623373729137e-9
-7.55968000538169e-9
-7.409554443555195e-9
-7.2631337339204575e-9
-7.120308798357569e-9
-6.980974283813864e-9
-6.8450284177538124e-9
-6.7123728698831486e-9
-6.582912619846401e-9
-6.45655583061277e-9
-6.3332137272800376e-9
-6.212800481040488e-9
-6.095233098065772e-9
-5.980431313080375e-9
-5.868317487405059e-9
-5.758816511262833e-9
-5.651855710150511e-9
-5.547364755088891e-9
-5.445275576573993e-9
-5.345522282060675e-9
-5.248041076818387e-9
-5.152770188006727e-9
-5.059649791826054e-9
-4.9686219436055e-9
-4.87963051069742e-9
-4.792621108053834e-9
-4.707541036366302e-9
-4.624339222656525e-9
-4.542966163210362e-9
-4.463373868753001e-9
-4.385515811768069e-9
-4.309346875867989e-9
-4.234823307127167e-9
-4.1619026672940684e-9
-4.090543788801837e-9
-4.0207067315010784e-9
-3.9523527410419114e-9
-3.8854442088357934e-9
-3.819944633530761e-9
-3.755818583936912e-9
-3.6930316633416914e-9
-3.63155047515741e-9
-3.5713425898459897e-9
-3.5123765130684048e-9
-3.454621655008711e-9
-3.3980483008247062e-9
-3.342627582179532e-9
-3.288331449810391e-9
-3.2351326470927048e-9
-3.1830046845596884e-9
-3.131921815339146e-9
-3.0818590114710314e-9
-3.032791941070782e-9
-2.9846969463050654e-9
-2.937551022147905e-9
-2.8913317958866954e-9
-2.8460175073487392e-9
-2.8015869898203187e-9
-2.7580196516314966e-9
-2.7152954583809163e-9
