7.079914900182271e-9
7.361216837581125e-9
7.65602271168662e-9
7.965094025302342e-9
8.289241697036258e-9
8.62932969390753e-9
8.986278962731132e-9
9.361071687501001e-9
9.754755902717342e-9
1.0168450495625753e-8
1.0603350633690347e-8
1.1060733657350786e-8
1.1541965482257582e-8
1.2048507559792355e-8
1.2581924449818498e-8
1.3143892065335448e-8
1.373620665510199e-8
1.4360794597433926e-8
1.5019723086362496e-8
1.5715211800271762e-8
1.6449645653137187e-8
1.7225588739703933e-8
1.8045799598531252e-8
1.891324793097181e-8
1.983113293005845e-8
2.080290339117438e-8
2.1832279796561304e-8
2.2923278588483514e-8
2.4080238871576158e-8
2.5307851813978214e-8
2.6611193049758737e-8
2.7995758422441692e-8
2.946750345175355e-8
3.1032886953795264e-8
3.26989192995222e-8
3.447321585869611e-8
3.636405624749016e-8
3.838045007901446e-8
4.053221000874571e-8
4.283003297298483e-8
4.528559064015754e-8
4.791163023448568e-8
5.072208705218429e-8
5.373221017529222e-8
5.695870310152399e-8
6.04198812548409e-8
6.413584862635799e-8
6.812869612528846e-8
7.242272460267643e-8
7.704469595590147e-8
8.202411624035346e-8
8.739355531931553e-8
9.318900828958131e-8
9.945030474729564e-8
1.062215729283007e-7
1.1355176689669447e-7
1.2149526629666273e-7
1.3011255976479773e-7
1.394710249701294e-7
1.4964582046387756e-7
1.607209071496663e-7
1.7279022031173598e-7
1.8595901686622466e-7
2.003454269543841e-7
2.160822443306206e-7
2.3331899640169787e-7
2.52224342479628e-7
2.7298885810800697e-7
2.958282745672178e-7
3.2098725630231947e-7
3.487438156024147e-7
3.7941448408454447e-7
4.1336038526747083e-7
4.509943828544541e-7
4.927895166594358e-7
5.392889841561315e-7
5.911179826261297e-7
6.489977976636842e-7
7.137626119878051e-7
7.863796187747249e-7
8.679731620615151e-7
9.598538009570723e-7
1.0635534145282354e-6
1.180867743478448e-6
1.3139081203549289e-6
1.4651645946941133e-6
1.6375832432031514e-6
1.8346612075104451e-6
2.0605639761240806e-6
2.320270693815777e-6
2.6197549358394304e-6
2.9662105546107116e-6
3.3683350668110048e-6
3.836686836406433e-6
4.3841373480322885e-6
5.026446600941384e-6
5.7829987004763894e-6
6.677746932198001e-6
7.740434154908566e-6
9.0081768894334e-6
0.000010527532310276491
0.00001235720968482017
0.00001457164615142965
0.00001726574737139165
0.000020561205273664876
0.000024614959892972638
0.000029630586565237902
0.00003587368520463791
0.00004369275258650855
0.00005354756362434692
0.00006604780439828058
0.00008200560083660852
0.00010250662513042743
0.00012900543318481025
0.00016345101528882224
0.00020844681567033148
0.0002674424467643382
0.00034493479726448704
0.00044660863419007375
0.0005792378777436465
0.000749927939437132
0.0009637560789967347
0.0012177258482457397
0.0014863756376978323
0.0016880749649547267
0.0016045783766039082
0.0007003228331160247
-0.0019129402636990892
-0.004401910763121757
-0.0019129402636990892
0.0007003228331160247
0.0016045783766039082
0.0016880749649547267
0.0014863756376978323
0.0012177258482457397
0.0009637560789967347
0.000749927939437132
0.0005792378777436465
0.00044660863419007375
0.00034493479726448704
0.0002674424467643382
0.00020844681567033148
0.00016345101528882224
0.00012900543318481025
0.00010250662513042743
0.00008200560083660852
0.00006604780439828058
0.00005354756362434692
0.00004369275258650855
0.00003587368520463791
0.000029630586565237902
0.000024614959892972638
0.000020561205273664876
0.00001726574737139165
0.00001457164615142965
0.00001235720968482017
0.000010527532310276491
9.0081768894334e-6
7.740434154908566e-6
6.677746932198001e-6
5.7829987004763894e-6
5.026446600941384e-6
4.3841373480322885e-6
3.836686836406433e-6
3.3683350668110048e-6
2.9662105546107116e-6
2.6197549358394304e-6
2.320270693815777e-6
2.0605639761240806e-6
1.8346612075104451e-6
1.6375832432031514e-6
1.4651645946941133e-6
1.3139081203549289e-6
1.180867743478448e-6
1.0635534145282354e-6
9.598538009570723e-7
8.679731620615151e-7
7.863796187747249e-7
7.137626119878051e-7
6.489977976636842e-7
5.911179826261297e-7
5.392889841561315e-7
4.927895166594358e-7
4.509943828544541e-7
4.1336038526747083e-7
3.7941448408454447e-7
3.487438156024147e-7
3.2098725630231947e-7
2.958282745672178e-7
2.7298885810800697e-7
2.52224342479628e-7
2.3331899640169787e-7
2.160822443306206e-7
2.003454269543841e-7
1.8595901686622466e-7
1.7279022031173598e-7
1.607209071496663e-7
1.4964582046387756e-7
1.394710249701294e-7
1.3011255976479773e-7
1.2149526629666273e-7
1.1355176689669447e-7
1.062215729283007e-7
9.945030474729564e-8
9.318900828958131e-8
8.739355531931553e-8
8.202411624035346e-8
7.704469595590147e-8
7.242272460267643e-8
6.812869612528846e-8
6.413584862635799e-8
6.04198812548409e-8
5.695870310152399e-8
5.373221017529222e-8
5.072208705218429e-8
4.791163023448568e-8
4.528559064015754e-8
4.283003297298483e-8
4.053221000874571e-8
3.838045007901446e-8
3.636405624749016e-8
3.447321585869611e-8
3.26989192995222e-8
3.1032886953795264e-8
2.946750345175355e-8
2.7995758422441692e-8
2.6611193049758737e-8
2.5307851813978214e-8
2.4080238871576158e-8
2.2923278588483514e-8
2.1832279796561304e-8
2.080290339117438e-8
1.983113293005845e-8
1.891324793097181e-8
1.8045799598531252e-8
1.7225588739703933e-8
1.6449645653137187e-8
1.5715211800271762e-8
1.5019723086362496e-8
1.4360794597433926e-8
1.373620665510199e-8
1.3143892065335448e-8
1.2581924449818498e-8
1.2048507559792355e-8
1.1541965482257582e-8
1.1060733657350786e-8
1.0603350633690347e-8
1.0168450495625753e-8
9.754755902717342e-9
9.361071687501001e-9
8.986278962731132e-9
8.62932969390753e-9
8.289241697036258e-9
7.965094025302342e-9
7.65602271168662e-9
7.361216837581125e-9
7.079914900182271e-9
4.306336325037951e-8
4.442024391690405e-8
4.5830861253832905e-8
4.729778301613829e-8
4.882372088434283e-8
5.041153973378901e-8
5.206426757906988e-8
5.378510624854805e-8
5.557744284883144e-8
5.7444862084502215e-8
5.939115950436184e-8
6.142035575202165e-8
6.353671190589702e-8
6.574474600162507e-8
6.80492508387118e-8
7.045531318290288e-8
7.296833448647487e-8
7.55940532604744e-8
7.833856924601402e-8
8.120836954621948e-8
8.421035689647045e-8
8.735188026837089e-8
9.064076802263283e-8
9.40853638479958e-8
9.769456574768936e-8
1.014778683620817e-7
1.0544540894638249e-7
1.0960801735595807e-7
1.1397727042940767e-7
1.1856555120153921e-7
1.2338611342531576e-7
1.2845315193437058e-7
1.3378187943651915e-7
1.393886103946695e-7
1.452908527255671e-7
1.51507408130013e-7
1.5805848196176112e-7
1.6496580364765822e-7
1.7225275879036136e-7
1.7994453421897394e-7
1.8806827740434384e-7
1.9665327182700412e-7
2.0573113007962147e-7
2.1533600670561504e-7
2.2550483302509437e-7
2.3627757648274238e-7
2.4769752737483506e-7
2.598116161800282e-7
2.72670765137672e-7
2.8633027819607987e-7
3.008502740006065e-7
3.162961672182076e-7
3.3273920421390904e-7
3.502570599198534e-7
3.689345036864273e-7
3.8886414299737467e-7
4.101472551903498e-7
4.328947187785459e-7
4.5722805765048125e-7
4.832806133718988e-7
5.111988630713226e-7
5.411439030124024e-7
5.732931210049891e-7
6.078420843576061e-7
6.450066742153863e-7
6.850255019647452e-7
7.281626490441899e-7
7.747107781283542e-7
8.249946714264787e-7
8.793752609678997e-7
9.382542264864004e-7
1.0020792491615973e-6
1.0713500243846391e-6
1.1466251543112845e-6
1.228530061751509e-6
1.3177660915192401e-6
1.4151209944365938e-6
1.5214810235895386e-6
1.637844913146922e-6
1.7653400582263313e-6
1.9052412712398203e-6
2.0589925573873987e-6
2.228232431173492e-6
2.41482338883812e-6
2.62088626033445e-6
2.8488402907985606e-6
3.1014499468771553e-6
3.381879608581359e-6
3.693757491815043e-6
4.041250347013064e-6
4.429150687471579e-6
4.862978501386455e-6
5.34909956628848e-6
5.894862565266781e-6
6.508757120571884e-6
7.2005944797692085e-6
7.981711698345253e-6
8.865198415723708e-6
9.866142166361862e-6
0.000011001882720017592
0.000012292256792107535
0.00001375979934457175
0.0000154298429832299
0.000017330416818382796
0.00001949178118550695
0.000021945329593665353
0.000024721419429195076
0.000027845417907364403
0.000031330803411462
0.00003516743610196972
0.00003930192687747676
0.000043605096505799554
0.000047818344716949615
0.00005146555634481335
0.000053708695451912504
0.00005311150250800196
0.000047253771292312844
0.000032104587386685206
1.012615285089505e-6
-0.000056894967685467064
-0.00015917822725698886
-0.00033367536323621717
-0.0006231351133583454
-0.0010893339112644832
-0.00180979358847734
-0.002839511274084124
-0.004014126349575211
-0.00408047579466076
0
0.00408047579466076
0.004014126349575211
0.002839511274084124
0.00180979358847734
0.0010893339112644832
0.0006231351133583454
0.00033367536323621717
0.00015917822725698886
0.000056894967685467064
-1.012615285089505e-6
-0.000032104587386685206
-0.000047253771292312844
-0.00005311150250800196
-0.000053708695451912504
-0.00005146555634481335
-0.000047818344716949615
-0.000043605096505799554
-0.00003930192687747676
-0.00003516743610196972
-0.000031330803411462
-0.000027845417907364403
-0.000024721419429195076
-0.000021945329593665353
-0.00001949178118550695
-0.000017330416818382796
-0.0000154298429832299
-0.00001375979934457175
-0.000012292256792107535
-0.000011001882720017592
-9.866142166361862e-6
-8.865198415723708e-6
-7.981711698345253e-6
-7.2005944797692085e-6
-6.508757120571884e-6
-5.894862565266781e-6
-5.34909956628848e-6
-4.862978501386455e-6
-4.429150687471579e-6
-4.041250347013064e-6
-3.693757491815043e-6
-3.381879608581359e-6
-3.1014499468771553e-6
-2.8488402907985606e-6
-2.62088626033445e-6
-2.41482338883812e-6
-2.228232431173492e-6
-2.0589925573873987e-6
-1.9052412712398203e-6
-1.7653400582263313e-6
-1.637844913146922e-6
-1.5214810235895386e-6
-1.4151209944365938e-6
-1.3177660915192401e-6
-1.228530061751509e-6
-1.1466251543112845e-6
-1.0713500243846391e-6
-1.0020792491615973e-6
-9.382542264864004e-7
-8.793752609678997e-7
-8.249946714264787e-7
-7.747107781283542e-7
-7.281626490441899e-7
-6.850255019647452e-7
-6.450066742153863e-7
-6.078420843576061e-7
-5.732931210049891e-7
-5.411439030124024e-7
-5.111988630713226e-7
-4.832806133718988e-7
-4.5722805765048125e-7
-4.328947187785459e-7
-4.101472551903498e-7
-3.8886414299737467e-7
-3.689345036864273e-7
-3.502570599198534e-7
-3.3273920421390904e-7
-3.162961672182076e-7
-3.008502740006065e-7
-2.8633027819607987e-7
-2.72670765137672e-7
-2.598116161800282e-7
-2.4769752737483506e-7
-2.3627757648274238e-7
-2.2550483302509437e-7
-2.1533600670561504e-7
-2.0573113007962147e-7
-1.9665327182700412e-7
-1.8806827740434384e-7
-1.7994453421897394e-7
-1.7225275879036136e-7
-1.6496580364765822e-7
-1.5805848196176112e-7
-1.51507408130013e-7
-1.452908527255671e-7
-1.393886103946695e-7
-1.3378187943651915e-7
-1.2845315193437058e-7
-1.2338611342531576e-7
-1.1856555120153921e-7
-1.1397727042940767e-7
-1.0960801735595807e-7
-1.0544540894638249e-7
-1.014778683620817e-7
-9.769456574768936e-8
-9.40853638479958e-8
-9.064076802263283e-8
-8.735188026837089e-8
-8.421035689647045e-8
-8.120836954621948e-8
-7.833856924601402e-8
-7.55940532604744e-8
-7.296833448647487e-8
-7.045531318290288e-8
-6.80492508387118e-8
-6.574474600162507e-8
-6.353671190589702e-8
-6.142035575202165e-8
-5.939115950436184e-8
-5.7444862084502215e-8
-5.557744284883144e-8
-5.378510624854805e-8
-5.206426757906988e-8
-5.041153973378901e-8
-4.882372088434283e-8
-4.729778301613829e-8
-4.5830861253832905e-8
-4.442024391690405e-8
-4.306336325037951e-8
