2.2026108261314428e-7
2.378275584431658e-7
2.5709412857488436e-7
2.7825491028872517e-7
3.0152963555767635e-7
3.271674959233153e-7
3.5545163572017597e-7
3.867044152236484e-7
4.212935904333644e-7
4.5963958703022557e-7
5.022240839618246e-7
5.496001688920948e-7
6.024043856509231e-7
6.613710657127491e-7
7.27349425297936e-7
8.013240216507724e-7
8.84439302492274e-7
9.780291594529219e-7
1.0836526196935807e-6
1.2031370932669254e-6
1.338630954529088e-6
1.4926676970528019e-6
1.6682444933444029e-6
1.8689187534330826e-6
2.0989272636151986e-6
2.3633337698901045e-6
2.6682125460765545e-6
3.0208776839821934e-6
3.430170738108783e-6
3.906823189477675e-6
4.463915289307161e-6
5.11745965240577e-6
5.887147111004726e-6
6.797304668341342e-6
7.878132095935605e-6
9.167306453653939e-6
0.000010712074886021063
0.000012571998687568387
0.000014822570341095659
0.000017560006299820774
0.000020907630428825742
0.000025024418239482357
0.00003011648659250071
0.00003645260885215013
0.00004438523855983193
0.00005437906669326478
0.00006704984751672352
0.00008321711532462745
0.00010397542595823389
0.00013078967893158
0.00016562031625379293
0.00021108231244012474
0.0002706345774429244
0.0003487764401138876
0.00045117962990537516
0.0005845743693997106
0.000755966480400309
0.0009702387622041466
0.0012240514440599638
0.0014913895395228334
0.0016898255465879026
0.0016002320276566153
0.0006875574559144108
-0.0019266075593826688
-0.004401910763121757
-0.0019266075593826688
0.0006875574559144108
0.0016002320276566153
0.0016898255465879026
0.0014913895395228334
0.0012240514440599638
0.0009702387622041466
0.000755966480400309
0.0005845743693997106
0.00045117962990537516
0.0003487764401138876
0.0002706345774429244
0.00021108231244012474
0.00016562031625379293
0.00013078967893158
0.00010397542595823389
0.00008321711532462745
0.00006704984751672352
0.00005437906669326478
0.00004438523855983193
0.00003645260885215013
0.00003011648659250071
0.000025024418239482357
0.000020907630428825742
0.000017560006299820774
0.000014822570341095659
0.000012571998687568387
0.000010712074886021063
9.167306453653939e-6
7.878132095935605e-6
6.797304668341342e-6
5.887147111004726e-6
5.11745965240577e-6
4.463915289307161e-6
3.906823189477675e-6
3.430170738108783e-6
3.0208776839821934e-6
2.6682125460765545e-6
2.3633337698901045e-6
2.0989272636151986e-6
1.8689187534330826e-6
1.6682444933444029e-6
1.4926676970528019e-6
1.338630954529088e-6
1.2031370932669254e-6
1.0836526196935807e-6
9.780291594529219e-7
8.84439302492274e-7
8.013240216507724e-7
7.27349425297936e-7
6.613710657127491e-7
6.024043856509231e-7
5.496001688920948e-7
5.022240839618246e-7
4.5963958703022557e-7
4.212935904333644e-7
3.867044152236484e-7
3.5545163572017597e-7
3.271674959233153e-7
3.0152963555767635e-7
2.7825491028872517e-7
2.5709412857488436e-7
2.378275584431658e-7
2.2026108261314428e-7
6.547724407088406e-7
6.953820730678516e-7
7.391545695717235e-7
7.863865989294016e-7
8.374073652734315e-7
8.925826869205666e-7
9.523196489011533e-7
1.0170719183436681e-6
1.087345826820412e-6
1.1637073414791003e-6
1.2467900677069036e-6
1.3373044507959557e-6
1.436048373308964e-6
1.5439193794127852e-6
1.6619287983319763e-6
1.7912180874083349e-6
1.9330777723439005e-6
2.0889694295390994e-6
2.260551234669134e-6
2.4497076945583207e-6
2.658584287856201e-6
2.889627865736421e-6
3.1456338082080184e-6
3.429801095203025e-6
3.7457966333569034e-6
4.097830375490729e-6
4.49074297161264e-6
4.930107881227836e-6
5.422350027409904e-6
5.974883133168426e-6
6.596267766609206e-6
7.296391696727024e-6
8.086673205770586e-6
8.980286162785564e-6
9.992402369779819e-6
0.000011140441042853358
0.000012444305842648412
0.000013926574316230368
0.000015612579265245274
0.00001753028048780086
0.000019709759010226754
0.00002218205890061346
0.000024976928999087844
0.000028118737619033948
0.00003161938078656653
0.000035466269577650576
0.00003960228507590583
0.00004389263566837843
0.0000480703582824688
0.00005164698854394689
0.00005376642876235777
0.000052966309753231413
0.00004678927551718889
0.00003115276643933211
-6.637933460497832e-7
-0.000059620557914405655
-0.00016337565572510703
-0.00033984979938330123
-0.0006317921994342103
-0.0011007536133548312
-0.0018235196690169848
-0.0028533002098719445
-0.004022027375301224
-0.004074330563137238
0
0.004074330563137238
0.004022027375301224
0.0028533002098719445
0.0018235196690169848
0.0011007536133548312
0.0006317921994342103
0.00033984979938330123
0.00016337565572510703
0.000059620557914405655
6.637933460497832e-7
-0.00003115276643933211
-0.00004678927551718889
-0.000052966309753231413
-0.00005376642876235777
-0.00005164698854394689
-0.0000480703582824688
-0.00004389263566837843
-0.00003960228507590583
-0.000035466269577650576
-0.00003161938078656653
-0.000028118737619033948
-0.000024976928999087844
-0.00002218205890061346
-0.000019709759010226754
-0.00001753028048780086
-0.000015612579265245274
-0.000013926574316230368
-0.000012444305842648412
-0.000011140441042853358
-9.992402369779819e-6
-8.980286162785564e-6
-8.086673205770586e-6
-7.296391696727024e-6
-6.596267766609206e-6
-5.974883133168426e-6
-5.422350027409904e-6
-4.930107881227836e-6
-4.49074297161264e-6
-4.097830375490729e-6
-3.7457966333569034e-6
-3.429801095203025e-6
-3.1456338082080184e-6
-2.889627865736421e-6
-2.658584287856201e-6
-2.4497076945583207e-6
-2.260551234669134e-6
-2.0889694295390994e-6
-1.9330777723439005e-6
-1.7912180874083349e-6
-1.6619287983319763e-6
-1.5439193794127852e-6
-1.436048373308964e-6
-1.3373044507959557e-6
-1.2467900677069036e-6
-1.1637073414791003e-6
-1.087345826820412e-6
-1.0170719183436681e-6
-9.523196489011533e-7
-8.925826869205666e-7
-8.374073652734315e-7
-7.863865989294016e-7
-7.391545695717235e-7
-6.953820730678516e-7
-6.547724407088406e-7
