1.0000000000000000e-03 2.0098264637158939e+03
1.0115911122238297e-03 2.0315289550636423e+03
1.0233165783302448e-03 2.0534517386464549e+03
1.0351779556301763e-03 2.0755966963082151e+03
1.0471768194855202e-03 2.0979657193437060e+03
1.0593147635183701e-03 2.1205606996917836e+03
1.0715933998226711e-03 2.1433834835213966e+03
1.0840143591783311e-03 2.1664359023261250e+03
1.0965792912678099e-03 2.1897197929664003e+03
1.1092898648952228e-03 2.2132369975294241e+03
1.1221477682079803e-03 2.2369893631431160e+03
1.1351547089209989e-03 2.2609787417854113e+03
1.1483124145435111e-03 2.2852069900888473e+03
1.1616226326085018e-03 2.3096759691404295e+03
1.1750871309048076e-03 2.3343875442766143e+03
1.1887076977119032e-03 2.3593435848735403e+03
1.2024861420374122e-03 2.3845459641322600e+03
1.2164242938573679e-03 2.4099965588590617e+03
1.2305240043592616e-03 2.4356972492408081e+03
1.2447871461879062e-03 2.4616499186151459e+03
1.2592156136941510e-03 2.4878564532356850e+03
1.2738113231864786e-03 2.5143187420320182e+03
1.2885762131855181e-03 2.5410386763645074e+03
1.3035122446815089e-03 2.5680181497738427e+03
1.3186214013947485e-03 2.5952590577253336e+03
1.3339056900390587e-03 2.6227632899211981e+03
1.3493671405883064e-03 2.6505326934216191e+03
1.3650078065460137e-03 2.6785690982816573e+03
1.3808297652180923e-03 2.7068743324836555e+03
1.3968351179887398e-03 2.7354502216065675e+03
1.4130259905995337e-03 2.7642985884676041e+03
1.4294045334317610e-03 2.7934212527575005e+03
1.4459729217920197e-03 2.8228200306691215e+03
1.4627333562011299e-03 2.8524967345194937e+03
1.4796880626863963e-03 2.8824531723651653e+03
1.4968392930772556e-03 2.9126911476109067e+03
1.5141893253043520e-03 2.9432124586116520e+03
1.5317404637020797e-03 2.9740188982677437e+03
1.5494950393146315e-03 3.0051122536133430e+03
1.5674554102055949e-03 3.0364943053980937e+03
1.5856239617711371e-03 3.0681668276618498e+03
1.6040031070568199e-03 3.1001315873026833e+03
1.6225952870780871e-03 3.1323903436378700e+03
1.6414029711444664e-03 3.1649448479580419e+03
1.6604286571875295e-03 3.1977968430744040e+03
1.6796748720926532e-03 3.2309480448925829e+03
1.6991441720346260e-03 3.2644000597088093e+03
1.7188391428171457e-03 3.2981544448252803e+03
1.7387624002162504e-03 3.3322127407561984e+03
1.7589165903277326e-03 3.3665764706254809e+03
1.7793043899185772e-03 3.4012471395280786e+03
1.7999285067824766e-03 3.4362262338827572e+03
1.8207916800994624e-03 3.4715152207764854e+03
1.8418966807997109e-03 3.5071155473003846e+03
1.8632463119315598e-03 3.5430286398773546e+03
1.8848434090337953e-03 3.5792559035813201e+03
1.9066908405122520e-03 3.6157987214481682e+03
1.9287915080207778e-03 3.6526584537784915e+03
1.9511483468466163e-03 3.6898364374320049e+03
1.9737643263002553e-03 3.7273339851139649e+03
1.9966424501097935e-03 3.7651523846533391e+03
2.0197857568198785e-03 3.8032928982730364e+03
2.0431973201952705e-03 3.8417567618521184e+03
2.0668802496290823e-03 3.8805451841801250e+03
2.0908376905557501e-03 3.9196593462035685e+03
2.1150728248687948e-03 3.9591003825576372e+03
2.1395888713434215e-03 3.9988693055910503e+03
2.1643890860640201e-03 4.0389670631549561e+03
2.1894767628566209e-03 4.0793945664393996e+03
2.2148552337263594e-03 4.1201526890797013e+03
2.2405278693000182e-03 4.1612422662413746e+03
2.2664980792736927e-03 4.2026640936971608e+03
2.2927693128656488e-03 4.2444189268966484e+03
2.3193450592744274e-03 4.2865074800284037e+03
2.3462288481422623e-03 4.3289304250749201e+03
2.3734242500238660e-03 4.3716883908604905e+03
2.4009348768606518e-03 4.4147819620923374e+03
2.4287643824604504e-03 4.4582116783949550e+03
2.4569164629827901e-03 4.5019780333381868e+03
2.4853948574297983e-03 4.5460814734589276e+03
2.5142033481427967e-03 4.5905223972769754e+03
2.5433457613046480e-03 4.6353011543050807e+03
2.5728259674479320e-03 4.6804180440534037e+03
2.6026478819690044e-03 4.7258733150288372e+03
2.6328154656480199e-03 4.7716671637292548e+03
2.6633327251749809e-03 4.8177997081142958e+03
2.6942037136818823e-03 4.8642708861064166e+03
2.7254325312810277e-03 4.9110805365293063e+03
2.7570233256095826e-03 4.9582284347336481e+03
2.7889802923804397e-03 5.0057142914474725e+03
2.8213076759394710e-03 5.0535377516152957e+03
2.8540097698292375e-03 5.1016983932346284e+03
2.8870909173592347e-03 5.1501957261902326e+03
2.9205555121827450e-03 5.1990291910865008e+03
2.9544079988803799e-03 5.2481981580785496e+03
2.9886528735503827e-03 5.2977019257022866e+03
3.0232946844057766e-03 5.3475397197040238e+03
3.0583380323784318e-03 5.3977106918702111e+03
3.0937875717301365e-03 5.4482139188573919e+03
3.1296480106707504e-03 5.4990484010234140e+03
3.1659241119835206e-03 5.5502130612598858e+03
3.2026206936576502e-03 5.6017067438267759e+03
3.2397426295281955e-03 5.6535282131894428e+03
3.2772948499233821e-03 5.7056761528587795e+03
3.3152823423194234e-03 5.7581491642349129e+03
3.3537101520029287e-03 5.8109457234744059e+03
3.3925833827409919e-03 5.8640640272553683e+03
3.4319071974590427e-03 5.9175021223541380e+03
3.4716868189265592e-03 5.9712579580885331e+03
3.5119275304507278e-03 6.0253293850361933e+03
3.5526346765781393e-03 6.0797141537583648e+03
3.5938136638046258e-03 6.1344099135334427e+03
3.6354699612933176e-03 6.1894142111016763e+03
3.6776091016010306e-03 6.2447244894213973e+03
3.7202366814130658e-03 6.3003380864377468e+03
3.7633583622865329e-03 6.3562522338649787e+03
3.8069798714022839e-03 6.4124640559828586e+03
3.8511070023255689e-03 6.4689705684481751e+03
3.8957456157755013e-03 6.5257686771223716e+03
3.9409016404034474e-03 6.5828551769159540e+03
3.9865810735804389e-03 6.6402267506508615e+03
4.0327899821937050e-03 6.6978799679414387e+03
4.0795345034524491e-03 6.7558112840952472e+03
4.1268208457029519e-03 6.8140170390343119e+03
4.1746552892531347e-03 6.8724934562382705e+03
4.2230441872066725e-03 6.9312365748514321e+03
4.2719939663067768e-03 6.9902420232002805e+03
4.3215111277897624e-03 7.0495052193606989e+03
4.3716022482485021e-03 7.1090214460493926e+03
4.4222739805058970e-03 7.1687858495381743e+03
4.4735330544984631e-03 7.2287934386008474e+03
4.5253862781701668e-03 7.2890390834950067e+03
4.5778405383766164e-03 7.3495175149800825e+03
4.6309028017997370e-03 7.4102233233729166e+03
4.6845801158730454e-03 7.4711509576422095e+03
4.7388796097176510e-03 7.5322947245432742e+03
4.7938084950891070e-03 7.5936487877943291e+03
4.8493740673352329e-03 7.6552071672958464e+03
4.9055837063650453e-03 7.7169637383942254e+03
4.9624448776289130e-03 7.7789122311911042e+03
5.0199651331100789e-03 7.8410462298999437e+03
5.0781521123276704e-03 7.9033591722509746e+03
5.1370135433513389e-03 7.9658443489461106e+03
5.1965572438276578e-03 8.0284949031650658e+03
5.2567911220184190e-03 8.0913038301242523e+03
5.3177231778509665e-03 8.1542638298746733e+03
5.3793615039806975e-03 8.2173668498754942e+03
5.4417142868658872e-03 8.2806045126862209e+03
5.5047898078549673e-03 8.3439682638781342e+03
5.5685964442864092e-03 8.4074493717558016e+03
5.6331426706013521e-03 8.4710389271583736e+03
5.6984370594691360e-03 8.5347278433425090e+03
5.7644882829258736e-03 8.5985068559486990e+03
5.8313051135262190e-03 8.6623665230534498e+03
5.8988964255084937e-03 8.7262972253090520e+03
5.9672711959733102e-03 8.7902891661725389e+03
6.0364385060758642e-03 8.8543323722264922e+03
6.1064075422320365e-03 8.9184166935930280e+03
6.1771875973384884e-03 8.9825318044429678e+03
6.2487880720068882e-03 9.0466672036024393e+03
6.3212184758124484e-03 9.1108122152580909e+03
6.3944884285569428e-03 9.1749559897633644e+03
6.4686076615463276e-03 9.2390875045474077e+03
6.5435860188832358e-03 9.3031955651281041e+03
6.6194334587743944e-03 9.3672688062305715e+03
6.6961600548532223e-03 9.4312954624217837e+03
6.7737759975177517e-03 9.4952627080495222e+03
6.8522915952840642e-03 9.5591573079779537e+03
6.9317172761554071e-03 9.6229658261948625e+03
7.0120635890071840e-03 9.6866746276397716e+03
7.0933412049879966e-03 9.7502698801850984e+03
7.1755609189369284e-03 9.8137375567718045e+03
7.2587336508172532e-03 9.8770634377025035e+03
7.3428704471667650e-03 9.9402331130937928e+03
7.4279824825649182e-03 1.0003231985489565e+04
7.5140810611169697e-03 1.0066045272638210e+04
7.6011776179553299e-03 1.0128658010434330e+04
7.6892837207583132e-03 1.0191055056027844e+04
7.7784110712864904e-03 1.0253221091101634e+04
7.8685715069368514e-03 1.0315140625319340e+04
7.9597770023149862e-03 1.0376797999944818e+04
8.0520396708254772e-03 1.0438177391634974e+04
8.1453717662807457e-03 1.0499262816406574e+04
8.2397856845285201e-03 1.0560038133778762e+04
8.3352939650981964e-03 1.0620487051072778e+04
8.4319092928662603e-03 1.0680592660055752e+04
8.5296444997410258e-03 1.0740336208292696e+04
8.6285125663668957e-03 1.0799698375766706e+04
8.7285266238483795e-03 1.0858659654122897e+04
8.8296999554940917e-03 1.0917200352907317e+04
8.9320459985809692e-03 1.0975300606074243e+04
9.0355783461389307e-03 1.1032940378761807e+04
9.1403107487562328e-03 1.1090099474337658e+04
9.2462571164057435e-03 1.1146757541715169e+04
9.3534315202923862e-03 1.1202894082940506e+04
9.4618481947220025e-03 1.1258488461050438e+04
9.5715215389918663e-03 1.1313519908201530e+04
9.6824661193031236e-03 1.1367967534069607e+04
9.7946966706953954e-03 1.1421810334518817e+04
9.9082280990037980e-03 1.1475027200539680e+04
1.0023075482838654e-02 1.1527596927454577e+04
1.0139254075588154e-02 1.1579498224388859e+04
1.0256779307444218e-02 1.1630709724005885e+04
1.0375666787451859e-02 1.1681209992503689e+04
1.0495932305582278e-02 1.1730977539773392e+04
1.0617591834830001e-02 1.1779990169317605e+04
1.0740661533334334e-02 1.1828223392894166e+04
1.0865157746525383e-02 1.1875652175183175e+04
1.0991097009294973e-02 1.1922251416355546e+04
1.1118496048192711e-02 1.1967995966067461e+04
1.1247371783647519e-02 1.2012860637824557e+04
1.1377741332214914e-02 1.2056820223710318e+04
1.1509622008850324e-02 1.2099849509473264e+04
1.1643031329208768e-02 1.2141923289966426e+04
1.1777987011971193e-02 1.2183016384931634e+04
1.1914506981197760e-02 1.2223103655121498e+04
1.2052609368708425e-02 1.2262160018750439e+04
1.2192312516491107e-02 1.2300160468265880e+04
1.2333634979137760e-02 1.2337080087430173e+04
1.2476595526308698e-02 1.2372894068702690e+04
1.2621213145225473e-02 1.2407577730911507e+04
1.2767507043192657e-02 1.2441106537202801e+04
1.2915496650148840e-02 1.2473456113256192e+04
1.3065201621247212e-02 1.2504602265752577e+04
1.3216641839466052e-02 1.2534521000681878e+04
1.3369837418249465e-02 1.2563187398333526e+04
1.3524808704178755e-02 1.2590573107500231e+04
1.3681576279674718e-02 1.2616649265194639e+04
1.3840160965731315e-02 1.2641387245316329e+04
1.4000583824680975e-02 1.2664758684406856e+04
1.4162866162991988e-02 1.2686735507768608e+04
1.4327029534098309e-02 1.2707289955924072e+04
1.4493095741262165e-02 1.2726394611391583e+04
1.4661086840469845e-02 1.2744022425750811e+04
1.4831025143361045e-02 1.2760146746972463e+04
1.5002933220192183e-02 1.2774741346982812e+04
1.5176833902834053e-02 1.2787780449434855e+04
1.5352750287804227e-02 1.2799238757654904e+04
1.5530705739334601e-02 1.2809091482734093e+04
1.5710723892474503e-02 1.2817314371731069e+04
1.5892828656229780e-02 1.2823883735953215e+04
1.6077044216738237e-02 1.2828776479281290e+04
1.6263395040481923e-02 1.2831970126501363e+04
1.6451905877536626e-02 1.2833442851608315e+04
1.6642601764859037e-02 1.2833173505621264e+04
1.6835508029612024e-02 1.2831141016428102e+04
1.7030650292528444e-02 1.2827323155372387e+04
1.7228054471313939e-02 1.2821698106134545e+04
1.7427746784089190e-02 1.2814244850698093e+04
1.7629753752872058e-02 1.2804943200832218e+04
1.7834102207100081e-02 1.2793773829342230e+04
1.8040819287193827e-02 1.2780718301036848e+04
1.8249932448161525e-02 1.2765759103362496e+04
1.8461469463245474e-02 1.2748879676652548e+04
1.8675458427610758e-02 1.2730064443939142e+04
1.8891927762076665e-02 1.2709298840274379e+04
1.9110906216891380e-02 1.2686569341508359e+04
1.9332422875550453e-02 1.2661863492468701e+04
1.9556507158659493e-02 1.2635169934488376e+04
1.9783188827841643e-02 1.2606478432226582e+04
2.0012497989690372e-02 1.2575779899728244e+04
2.0244465099768037e-02 1.2543066425667395e+04
2.0479120966650853e-02 1.2508331297719282e+04
2.0716496756020688e-02 1.2471569026007479e+04
2.0956623994804330e-02 1.2432775367824475e+04
2.1199534575360710e-02 1.2391949348671893e+04
2.1445260759716676e-02 1.2349096914274973e+04
2.1693835183851845e-02 1.2304226196687170e+04
2.1945290862033135e-02 1.2257346510879959e+04
2.2199661191199548e-02 1.2208468357438584e+04
2.2456979955397739e-02 1.2157603424088251e+04
2.2717281330269051e-02 1.2104764586033754e+04
2.2980599887588510e-02 1.2049965905096882e+04
2.3246970599856479e-02 1.1993222627637433e+04
2.3516428844943486e-02 1.1934551181245524e+04
2.3789010410788933e-02 1.1873969170194418e+04
2.4064751500154243e-02 1.1811495369645098e+04
2.4343688735431104e-02 1.1747149718594690e+04
2.4625859163505466e-02 1.1680953311564250e+04
2.4911300260677886e-02 1.1612928389021476e+04
2.5200049937640922e-02 1.1543098326537141e+04
2.5492146544514233e-02 1.1471487622675299e+04
2.5787628875938010e-02 1.1398121885619355e+04
2.6086536176225479e-02 1.1323027818538336e+04
2.6388908144575104e-02 1.1246233221093835e+04
2.6694784940343209e-02 1.1167776916028770e+04
2.7004207188377725e-02 1.1087724938622896e+04
2.7317215984413761e-02 1.1006147612872806e+04
2.7633852900531698e-02 1.0923115005879525e+04
2.7954159990678566e-02 1.0838696854139807e+04
2.8278179796253411e-02 1.0752962492471468e+04
2.8605955351757421e-02 1.0665980785617478e+04
2.8937530190509504e-02 1.0577820062567353e+04
2.9272948350428159e-02 1.0488548053626782e+04
2.9612254379880344e-02 1.0398231830258319e+04
2.9955493343598132e-02 1.0306937747710674e+04
3.0302710828663964e-02 1.0214731390445942e+04
3.0653952950565267e-02 1.0121677520368759e+04
3.1009266359319266e-02 1.0027840027854560e+04
3.1368698245668764e-02 9.9332818855683145e+03
3.1732296347349760e-02 9.8380651050597480e+03
3.2100108955431715e-02 9.7422506961150884e+03
3.2472184920731291e-02 9.6458986288409724e+03
3.2848573660300438e-02 9.5490677984504746e+03
3.3229325163989715e-02 9.4518160848822572e+03
3.3614490001087648e-02 9.3542191681993354e+03
3.4004119327037063e-02 9.2563923947488092e+03
3.4398264890229242e-02 9.1584529007945839e+03
3.4796979038876914e-02 9.0605138040039310e+03
3.5200314727966787e-02 8.9626841890294872e+03
3.5608325526292776e-02 8.8650691062398728e+03
3.6021065623570700e-02 8.7677695828769629e+03
3.6438589837635448e-02 8.6708826459173797e+03
3.6860953621721579e-02 8.5745013559189701e+03
3.7288213071828336e-02 8.4787148511404939e+03
3.7720424934169973e-02 8.3836084012327574e+03
3.8157646612712481e-02 8.2892634698130259e+03
3.8599936176797675e-02 8.1957577852498343e+03
3.9047352368855599e-02 8.1031654190043564e+03
3.9499954612206428e-02 8.0115568708943865e+03
3.9957803018952694e-02 7.9209991606700205e+03
4.0420958397963079e-02 7.8315559253129850e+03
4.0889482262948626e-02 7.7432875214984570e+03
4.1363436840632754e-02 7.6562511674839752e+03
4.1842885079015825e-02 7.5705023757291192e+03
4.2327890655735508e-02 7.4860954051602275e+03
4.2818517986524134e-02 7.4030816653886804e+03
4.3314832233764006e-02 7.3215097212582514e+03
4.3816899315141926e-02 7.2414254227258316e+03
4.4324785912403984e-02 7.1628720370997698e+03
4.4838559480211884e-02 7.0858903832703772e+03
4.5358288255101888e-02 7.0105189676002610e+03
4.5884041264547593e-02 6.9367941211751631e+03
4.6415888336127795e-02 6.8647501381496431e+03
4.6953900106800603e-02 6.7944194149537943e+03
4.7498148032285019e-02 6.7258325901608769e+03
4.8048704396551317e-02 6.6590186007994189e+03
4.8605642321421366e-02 6.5939843097831399e+03
4.9169035776280290e-02 6.5306889859921675e+03
4.9738959587900651e-02 6.4690866646317936e+03
5.0315489450380543e-02 6.4091328965398588e+03
5.0898701935196820e-02 6.3507846919963322e+03
5.1488674501374947e-02 6.2940004668050733e+03
5.2085485505776630e-02 6.2387399905468310e+03
5.2689214213506745e-02 6.1849643369073574e+03
5.3299940808440902e-02 6.1326311037216483e+03
5.3917746403875026e-02 6.0816555880739288e+03
5.4542713053298338e-02 6.0319322801018088e+03
5.5174923761291260e-02 5.9833587908853169e+03
5.5814462494549640e-02 5.9358359182633558e+03
5.6461414193036699e-02 5.8892674882814126e+03
5.7115864781264319e-02 5.8435598564734128e+03
5.7777901179705042e-02 5.7986001638432981e+03
5.8447611316336343e-02 5.7542446033554870e+03
5.9125084138318781e-02 5.7103506365204894e+03
5.9810409623809409e-02 5.6667799397721465e+03
6.0503678793912212e-02 5.6233983117952548e+03
6.1204983724766994e-02 5.5800696339862743e+03
6.1914417559778445e-02 5.5366373088278287e+03
6.2632074521986894e-02 5.4929433633786985e+03
6.3358049926582505e-02 5.4488350774305336e+03
6.4092440193564540e-02 5.4041650172826812e+03
6.4835342860547235e-02 5.3587859370678852e+03
6.5586856595714324e-02 5.3125471650965901e+03
6.6347081210923475e-02 5.2653034807604581e+03
6.7116117674962839e-02 5.2169163569405737e+03
6.7894068126961096e-02 5.1672557548832601e+03
6.8681035889953043e-02 5.1162046384260111e+03
6.9477125484602359e-02 5.0636547561196376e+03
7.0282442643083490e-02 5.0095055728964408e+03
7.1097094323124346e-02 4.9536700302260024e+03
7.1921188722211898e-02 4.8960883822458500e+03
7.2754835291962291e-02 4.8367127744948584e+03
7.3598144752657677e-02 4.7755032928606997e+03
7.4451229107951392e-02 4.7124445699745474e+03
7.5314201659743715e-02 4.6475571744116214e+03
7.6187177023229954e-02 4.5808703820391411e+03
7.7070271142122990e-02 4.5124231312755073e+03
7.7963601304052332e-02 4.4422984596581255e+03
7.8867286156141525e-02 4.3706041141998276e+03
7.9781445720766245e-02 4.2974496189979809e+03
8.0706201411495038e-02 4.2229705153848308e+03
8.1641676049214684e-02 4.1473466395308224e+03
8.2587993878442678e-02 4.0707578219227357e+03
8.3545280583828666e-02 3.9933895260299128e+03
8.4513663306847175e-02 3.9154740375825063e+03
8.5493270662683807e-02 3.8372481639859602e+03
8.6484232757317217e-02 3.7589398905264093e+03
8.7486681204799105e-02 3.6808086641964132e+03
8.8500749144734339e-02 3.6031233838854537e+03
8.9526571259963966e-02 3.5261350112925047e+03
9.0564283794452888e-02 3.4501048337829866e+03
9.1614024571385164e-02 3.3753008823897094e+03
9.2675933011468786e-02 3.3019693096633132e+03
9.3750150151452841e-02 3.2303476653240273e+03
9.4836818662859229e-02 3.1606689594005393e+03
9.5936082870931416e-02 3.0931448057792059e+03
9.7048088773803012e-02 3.0279638592097717e+03
9.8172984061888360e-02 2.9652926923564578e+03
9.9310918137497955e-02 2.9052805049958915e+03
1.0046204213468131e-01 2.8480444935840856e+03
1.0162650893929952e-01 2.7936615149959280e+03
1.0280447320933098e-01 2.7421974982100710e+03
1.0399609139541204e-01 2.6936808684759753e+03
1.0520152176161590e-01 2.6480853419337741e+03
1.0642092440647247e-01 2.6053810020236633e+03
1.0765446128423159e-01 2.5654966357608173e+03
1.0890229622637305e-01 2.5282995310254582e+03
1.1016459496336570e-01 2.4936596151818349e+03
1.1144152514667881e-01 2.4614036972033878e+03
1.1273325637104871e-01 2.4313006673612572e+03
1.1403996019700331e-01 2.4031260235346799e+03
1.1536181017364786e-01 2.3766158250894136e+03
1.1669898186171475e-01 2.3514631406101330e+03
1.1805165285688056e-01 2.3273696755410510e+03
1.1942000281335324e-01 2.3040101918274381e+03
1.2080421346773289e-01 2.2810386503282666e+03
1.2220446866314887e-01 2.2581204621661054e+03
1.2362095437367691e-01 2.2349224802285776e+03
1.2505385872903912e-01 2.2111177865020059e+03
1.2650337203959039e-01 2.1863972740608037e+03
1.2796968682159415e-01 2.1604916718233540e+03
1.2945299782279160e-01 2.1331593463293152e+03
1.3095350204826678e-01 2.1041877353793898e+03
1.3247139878661174e-01 2.0734463657226379e+03
1.3400688963639507e-01 2.0408424467499199e+03
1.3556017853293689e-01 2.0063246543885912e+03
1.3713147177539456e-01 1.9699500175976232e+03
1.3872097805416209e-01 1.9318059002654325e+03
1.4032890847858731e-01 1.8920286022186829e+03
1.4195547660501015e-01 1.8508609469921855e+03
1.4360089846512605e-01 1.8085547877555650e+03
1.4526539259467813e-01 1.7654053299885547e+03
1.4694918006248173e-01 1.7217812085489788e+03
1.4865248449978571e-01 1.6780342145842553e+03
1.5037553212997384e-01 1.6345373245585433e+03
1.5211855179861047e-01 1.5916872918799741e+03
1.5388177500383463e-01 1.5498456198821380e+03
1.5566543592710622e-01 1.5093523521465354e+03
1.5746977146430868e-01 1.4705236062538431e+03
1.5929502125721229e-01 1.4336359095183138e+03
1.6114142772530199e-01 1.3988902448537556e+03
1.6300923609797410e-01 1.3664410807153824e+03
1.6489869444710650e-01 1.3364081705263186e+03
1.6681005372000590e-01 1.3087904026541185e+03
1.6874356777273758e-01 1.2835476502016452e+03
1.7069949340384080e-01 1.2606063910031105e+03
1.7267809038843560e-01 1.2397528393585776e+03
1.7467962151272456e-01 1.2207551768111578e+03
1.7670435260889467e-01 1.2033613317405179e+03
1.7875255259042355e-01 1.1872419091879319e+03
1.8082449348779517e-01 1.1720717085164417e+03
1.8292045048462938e-01 1.1575051347068284e+03
1.8504070195423022e-01 1.1431507633173298e+03
1.8718552949655792e-01 1.1286306003832408e+03
1.8935521797562951e-01 1.1135963838342457e+03
1.9155005555735280e-01 1.0977314897539284e+03
1.9377033374779890e-01 1.0807482219438664e+03
1.9601634743191856e-01 1.0624911012019143e+03
1.9828839491270714e-01 1.0429072756489011e+03
2.0058677795082339e-01 1.0219758709575208e+03
2.0291180180466781e-01 9.9982973941651858e+02
2.0526377527092521e-01 9.7667557803060686e+02
2.0764301072557748e-01 9.5273465675412115e+02
2.1004982416539153e-01 9.2833583594574736e+02
2.1248453524988828e-01 9.0382347406273595e+02
2.1494746734379805e-01 8.7952182131040342e+02
2.1743894756000801e-01 8.5576141896345837e+02
2.1995930680300749e-01 8.3284631803406717e+02
2.2250887981283693e-01 8.1102978587508289e+02
2.2508800520954617e-01 7.9049633539518629e+02
2.2769702553816801e-01 7.7140341700660053e+02
2.3033628731421313e-01 7.5382808894341758e+02
2.3300614106969247e-01 7.3773942588757177e+02
2.3570694139967277e-01 7.2309721600110186e+02
2.3843904700937205e-01 7.0975999487451372e+02
2.4120282076180069e-01 6.9748437005642074e+02
2.4399862972595501e-01 6.8603465917466292e+02
2.4682684522556925e-01 6.7512616644197306e+02
2.4968784288843268e-01 6.6444420240535078e+02
2.5258200269627845e-01 6.5369773117828458e+02
2.5550970903525072e-01 6.4265973498429844e+02
2.5847135074695637e-01 6.3114213654344644e+02
2.6146732118010924e-01 6.1899452616688995e+02
2.6449801824277197e-01 6.0619747368015203e+02
2.6756384445520454e-01 5.9277689305916851e+02
2.7066520700332414e-01 5.7879976055103805e+02
2.7380251779278575e-01 5.6446250750739136e+02
2.7697619350368907e-01 5.4997579136476156e+02
2.8018665564591955e-01 5.3555811005236251e+02
2.8343433061513090e-01 5.2146672180528765e+02
2.8671964974937697e-01 5.0794027902001756e+02
2.9004304938639919e-01 4.9514742476988982e+02
2.9340497092157869e-01 4.8316712722502183e+02
2.9680586086656024e-01 4.7206065469268509e+02
3.0024617090855493e-01 4.6179943308896696e+02
3.0372635797033115e-01 4.5226175970539026e+02
3.0724688427090036e-01 4.4332754989540371e+02
3.1080821738690639e-01 4.3483370503588043e+02
3.1441083031472650e-01 4.2658605197254747e+02
3.1805520153329198e-01 4.1840556202930173e+02
3.2174181506763716e-01 4.1015134950667692e+02
3.2547116055318481e-01 4.0170887661778522e+02
3.2924373330077689e-01 3.9298889588435935e+02
3.3306003436245885e-01 3.8401992498411954e+02
3.3692057059802671e-01 3.7487892344532492e+02
3.4082585474234517e-01 3.6564818840186450e+02
3.4477640547344640e-01 3.5645876845637514e+02
3.4877274748141773e-01 3.4744848199014382e+02
3.5281541153808832e-01 3.3873566117442965e+02
3.5690493456752298e-01 3.3040096297989680e+02
3.6104185971733371e-01 3.2250972234065637e+02
3.6522673643081754e-01 3.1509356811385288e+02
3.6946012051993027e-01 3.0808499627730788e+02
3.7374257423910640e-01 3.0140067932372386e+02
3.7807466635993492e-01 2.9495706056750043e+02
3.8245697224669989e-01 2.8865556358048502e+02
3.8689007393279756e-01 2.8240138364198543e+02
3.9137456019803840e-01 2.7612512722349294e+02
3.9591102664684585e-01 2.6981549617639280e+02
4.0050007578736113e-01 2.6347239965710668e+02
4.0514231711146476e-01 2.5711281498289679e+02
4.0983836717572614e-01 2.5080346454833102e+02
4.1458884968329113e-01 2.4461482905122364e+02
4.1939439556671865e-01 2.3860400209853006e+02
4.2425564307177771e-01 2.3279862509927489e+02
4.2917323784221573e-01 2.2721798465992310e+02
4.3414783300550924e-01 2.2187105338105465e+02
4.3918008925960861e-01 2.1672684697339560e+02
4.4427067496068828e-01 2.1174523265957322e+02
4.4942026621191422e-01 2.0688908558739519e+02
4.5462954695323993e-01 2.0212227461318986e+02
4.5989920905224385e-01 1.9741082932335740e+02
4.6522995239601894e-01 1.9272574741305803e+02
4.7062248498412818e-01 1.8807146649638770e+02
4.7607752302263678e-01 1.8347684515350312e+02
4.8159579101923511e-01 1.7896877408256904e+02
4.8717802187946307e-01 1.7456959056333065e+02
4.9282495700405132e-01 1.7029602163567992e+02
4.9853734638738939e-01 1.6616263787911430e+02
5.0431594871713592e-01 1.6217674727083934e+02
5.1016153147498333e-01 1.5831536427223986e+02
5.1607487103859073e-01 1.5454784486054231e+02
5.2205675278469754e-01 1.5084656030948415e+02
5.2810797119343311e-01 1.4719954847830334e+02
5.3422932995383521e-01 1.4361236183881994e+02
5.4042164207059151e-01 1.4009103875960309e+02
5.4668572997201803e-01 1.3664113541198458e+02
5.5302242561929005e-01 1.3326881886225334e+02
5.5943257061693774e-01 1.2998013701938774e+02
5.6591701632462421e-01 1.2678041712740395e+02
5.7247662397021781e-01 1.2367204135475727e+02
5.7911226476417588e-01 1.2064663021516293e+02
5.8582482001525360e-01 1.1769348645298382e+02
5.9261518124755530e-01 1.1480279882864038e+02
5.9948425031894093e-01 1.1196716918243237e+02
6.0643293954080613e-01 1.0918821139606743e+02
6.1346217179925056e-01 1.0647008111684754e+02
6.2057288067765004e-01 1.0381644531194340e+02
6.2776601058064996e-01 1.0123032140535506e+02
6.3504251685959623e-01 9.8710862542112253e+01
6.4240336593941905e-01 9.6254173441006131e+01
6.4984953544698887e-01 9.3856515520524738e+01
6.5738201434095855e-01 9.1514405900996479e+01
6.6500180304311185e-01 8.9224842001529822e+01
6.7270991357123366e-01 8.6986876792750877e+01
6.8050736967352066e-01 8.4800433740693549e+01
6.8839520696454959e-01 8.2665363379798023e+01
6.9637447306282219e-01 8.0581442896121089e+01
7.0444622772990373e-01 7.8548365885230808e+01
7.1261154301117458e-01 7.6565269028338847e+01
7.2087150337821360e-01 7.4630701870505064e+01
7.2922720587283130e-01 7.2743233971154680e+01
7.3767976025277304e-01 7.0901489651520848e+01
7.4623028913911083e-01 6.9104145683706449e+01
7.5487992816534311e-01 6.7349929681292537e+01
7.6362982612822417e-01 6.5637713948666018e+01
7.7248114514034005e-01 6.3966605416361801e+01
7.8143506078445424e-01 6.2335750137775449e+01
7.9049276226964205e-01 6.0744306228054121e+01
7.9965545258923465e-01 5.9191443933255108e+01
8.0892434868059382e-01 5.7676345686642279e+01
8.1830068158673896e-01 5.6198206152634498e+01
8.2778569661984724e-01 5.4756229805024894e+01
8.3738065352664892e-01 5.3349604597482532e+01
8.4708682665574020e-01 5.1977515137726094e+01
8.5690550512683472e-01 5.0639162962765958e+01
8.6683799300197739e-01 4.9333766586847268e+01
8.7688560945874261e-01 4.8060561183719450e+01
8.8704968896544034e-01 4.6818798273613581e+01
8.9733158145835201e-01 4.5607745414894524e+01
9.0773265252102231e-01 4.4426685900352453e+01
9.1825428356562822e-01 4.3274918458098490e+01
9.2889787201644980e-01 4.2151756971687568e+01
9.3966483149546909e-01 4.1056530272322696e+01
9.5055659201011911e-01 3.9988581785178255e+01
9.6157460014320961e-01 3.8947269204621996e+01
9.7272031924505375e-01 3.7931964218372322e+01
9.8399522962782260e-01 3.6942052236136178e+01
9.9540082876215186e-01 3.5976932122536503e+01
1.0069386314760271e+00 3.5036015934289772e+01
1.0186101701559753e+00 3.4118728661593764e+01
1.0304169949505875e+00 3.3224507973684716e+01
1.0423606739764011e+00 3.2352803968523311e+01
1.0544427935261684e+00 3.1503078926568080e+01
1.0666649582795389e+00 3.0674807068594330e+01
1.0790287915161836e+00 2.9867474318413027e+01
1.0915359353313911e+00 2.9080578178653049e+01
1.1041880508541602e+00 2.8313627590530132e+01
1.1169868184678227e+00 2.7566142497141577e+01
1.1299339380332216e+00 2.6837653596261909e+01
1.1430311291144786e+00 2.6127702123739528e+01
1.1562801312073754e+00 2.5435839640531100e+01
1.1696827039703848e+00 2.4761627823334191e+01
1.1832406274583780e+00 2.4104638258778152e+01
1.1969557023590427e+00 2.3464452241133234e+01
1.2108297502320393e+00 2.2840660573498212e+01
1.2248646137509307e+00 2.2232863372425463e+01
1.2390621569479157e+00 2.1640669875943740e+01
1.2534242654613994e+00 2.1063698254937190e+01
1.2679528467864338e+00 2.0501575427840873e+01
1.2826498305280598e+00 1.9953936878610893e+01
1.2975171686575868e+00 1.9420426477929137e+01
1.3125568357718427e+00 1.8900696307601525e+01
1.3277708293554291e+00 1.8394406487823993e+01
1.3431611700460153e+00 1.7901224970704988e+01
1.3587299019027093e+00 1.7420827342509895e+01
1.3744790926775368e+00 1.6952896732502602e+01
1.3904108340900696e+00 1.6497123661309594e+01
1.4065272421052364e+00 1.6053205882841102e+01
1.4228304572143520e+00 1.5620848229159824e+01
1.4393226447194065e+00 1.5199762458255147e+01
1.4560059950206485e+00 1.4789667104681023e+01
1.4728827239075017e+00 1.4390287333016007e+01
1.4899550728528537e+00 1.4001354794104078e+01
1.5072253093107555e+00 1.3622607484035118e+01
1.5246957270175729e+00 1.3253789605824140e+01
1.5423686462966273e+00 1.2894651433748745e+01
1.5602464143663679e+00 1.2544949180304418e+01
1.5783314056521165e+00 1.2204444865737553e+01
1.5966260221014252e+00 1.1872906190116639e+01
1.6151326935030912e+00 1.1550106407901810e+01
1.6338538778098621e+00 1.1235824204974076e+01
1.6527920614648957e+00 1.0929843578084839e+01
1.6719497597319901e+00 1.0631953712341856e+01
1.6913295170296487e+00 1.0341948710075730e+01
1.7109339072690151e+00 1.0059627454904838e+01
1.7307655341957258e+00 9.7847937083769825e+00
1.7508270317357251e+00 9.5172560125442835e+00
1.7711210643450888e+00 9.2568275805998717e+00
1.7916503273639013e+00 9.0033261898042447e+00
1.8124175473742377e+00 8.7565740766597049e+00
1.8334254825622907e+00 8.5163978342915421e+00
1.8546769230846993e+00 8.2826283119955733e+00
1.8761746914391215e+00 8.0551005169119705e+00
1.8979216428391015e+00 7.8336535177859394e+00
1.9199206655932848e+00 7.6181303507764788e+00
1.9421746814890264e+00 7.4083779272748593e+00
1.9646866461804466e+00 7.2042469436951322e+00
1.9874595495809837e+00 7.0055917931995335e+00
2.0104964162604992e+00 6.8122704793220379e+00
2.0338003058469822e+00 6.6241445314542160e+00
2.0573743134329137e+00 6.4410789221576330e+00
2.0812215699863392e+00 6.2629419862680109e+00
2.1053452427667061e+00 6.0896053422457230e+00
2.1297485357455210e+00 5.9209438300988895e+00
2.1544346900318843e+00 5.7568354367243471e+00
2.1794069843029558e+00 5.5971612022729724e+00
2.2046687352394096e+00 5.4418051467498145e+00
2.2302232979659387e+00 5.2906541994146039e+00
2.2560740664968613e+00 5.1435981297306048e+00
2.2822244741868984e+00 5.0005294798315658e+00
2.3086779941871698e+00 4.8613434984770665e+00
2.3354381399064792e+00 4.7259380764669601e+00
2.3625084654779474e+00 4.5942136834861715e+00
2.3898925662310502e+00 4.4660733063514817e+00
2.4175940791691306e+00 4.3414223886324619e+00
2.4456166834524464e+00 4.2201687716191003e+00
2.4739641008868141e+00 4.1022226366092616e+00
2.5026400964179194e+00 3.9874964484893152e+00
2.5316484786313556e+00 3.8759049005820576e+00
2.5609931002584592e+00 3.7673648607361065e+00
2.5906778586880090e+00 3.6617953186317207e+00
2.6207066964838526e+00 3.5591173342781959e+00
2.6510836019085389e+00 3.4592539863732328e+00
2.6818126094530155e+00 3.3621302865271114e+00
2.7128978003724673e+00 3.2676731309953277e+00
2.7443433032283653e+00 3.1758112983942626e+00
2.7761532944368010e+00 3.0864754057201553e+00
2.8083319988231725e+00 2.9995978628993445e+00
2.8408836901833041e+00 2.9151128284007952e+00
2.8738126918510662e+00 2.8329561658879743e+00
2.9071233772725784e+00 2.7530654018874889e+00
2.9408201705870636e+00 2.6753796844523805e+00
2.9749075472144404e+00 2.5998397427984017e+00
3.0093900344497211e+00 2.5263878478920216e+00
3.0442722120643029e+00 2.4549677739692770e+00
3.0795587129142263e+00 2.3855247609650956e+00
3.1152542235554881e+00 2.3180054778329926e+00
3.1513634848664793e+00 2.2523579867355634e+00
3.1878912926776457e+00 2.1885317080864888e+00
3.2248424984084423e+00 2.1264773864252020e+00
3.2622220097116701e+00 2.0661470571057312e+00
3.3000347911252854e+00 2.0074940137816037e+00
3.3382858647317608e+00 1.9504727766200745e+00
3.3769803108250915e+00 1.8950390600936216e+00
3.4161232685855283e+00 1.8411497428167569e+00
3.4557199367621396e+00 1.7887628394832047e+00
3.4957755743632752e+00 1.7378374721257845e+00
3.5362955013550428e+00 1.6883338419969780e+00
3.5772850993678733e+00 1.6402132021297027e+00
3.6187498124112802e+00 1.5934378305628969e+00
3.6606951475969023e+00 1.5479710042167798e+00
3.7031266758699273e+00 1.5037769734030249e+00
3.7460500327489932e+00 1.4608209369553347e+00
3.7894709190746676e+00 1.4190690179662573e+00
3.8333951017666013e+00 1.3784882401163512e+00
3.8778284145894575e+00 1.3390465045821021e+00
3.9227767589277196e+00 1.3007125675092914e+00
3.9682461045694817e+00 1.2634560180387762e+00
4.0142424904993224e+00 1.2272472568719452e+00
4.0607720257003654e+00 1.1920574753633575e+00
4.1078408899656464e+00 1.1578586351283515e+00
4.1554553347188756e+00 1.1246234481536663e+00
4.2036216838447134e+00 1.0923253571245812e+00
4.2523463345286823e+00 1.0609385102705609e+00
4.3016357581067952e+00 1.0304377436282635e+00
4.3514965009250499e+00 1.0007985700360404e+00
4.4019351852088748e+00 9.7199716181307216e-01
4.4529585099426550e+00 9.4401033354877351e-01
4.5045732517594583e+00 9.1681552532414490e-01
4.5567862658410636e+00 8.9039078635475788e-01
4.6096044868284336e+00 8.6471475904527806e-01
4.6630349297427314e+00 8.3976666344568740e-01
4.7170846909170177e+00 8.1552628209955114e-01
4.7717609489387458e+00 7.9197394527491882e-01
4.8270709656031832e+00 7.6909051656864957e-01
4.8830220868778795e+00 7.4685737887516135e-01
4.9396217438783205e+00 7.2525642071080909e-01
4.9968774538548839e+00 7.0427002288529206e-01
5.0547968211912409e+00 6.8388104551169160e-01
5.1133875384143259e+00 6.6407281534692697e-01
5.1726573872160193e+00 6.4482911345460547e-01
5.2326142394866615e+00 6.2613416318243220e-01
5.2932660583605617e+00 6.0797261837362404e-01
5.3546208992736073e+00 5.9032955045381863e-01
5.4166869110331524e+00 5.7319043756161014e-01
5.4794723369002867e+00 5.5654115531510095e-01
5.5429855156846690e+00 5.4036796629400696e-01
5.6072348828520324e+00 5.2465750972505443e-01
5.6722289716445431e+00 5.0939679143326222e-01
5.7379764142141338e+00 4.9457317405253087e-01
5.8044859427689781e+00 4.8017436748912712e-01
5.8717663907332556e+00 4.6618841963178803e-01
5.9398266939203568e+00 4.5260370730232402e-01
6.0086758917196867e+00 4.3940892744074855e-01
6.0783231282972299e+00 4.2659308851909095e-01
6.1487776538100229e+00 4.1414550217819779e-01
6.2200488256347120e+00 4.0205577508195867e-01
6.2921461096103437e+00 3.9031380098352531e-01
6.3650790812955709e+00 3.7890975299821700e-01
6.4388574272404195e+00 3.6783407607794216e-01
6.5134909462728023e+00 3.5707747968207676e-01
6.5889895507999494e+00 3.4663093063986949e-01
6.6653632681249135e+00 3.3648564612518300e-01
6.7426222417783421e+00 3.2663308550067732e-01
6.8207767328656850e+00 3.1706494403679925e-01
6.8998371214300187e+00 3.0777314791810306e-01
6.9798139078306605e+00 2.9874984802496984e-01
7.0607177141377733e+00 2.8998741382536103e-01
7.1425592855431264e+00 2.8147842742802942e-01
7.2253494917872141e+00 2.7321567779305772e-01
7.3090993286029109e+00 2.6519215509570632e-01
7.3938199191758658e+00 2.5740104523964047e-01
7.4795225156218210e+00 2.4983572451571143e-01
7.5662185004810549e+00 2.4248975440255560e-01
7.6539193882301477e+00 2.3535687650536849e-01
7.7426368268112693e+00 2.2843100762930113e-01
7.8323825991791960e+00 2.2170623498401437e-01
7.9231686248662534e+00 2.1517681151601192e-01
8.0150069615654047e+00 2.0883715136545250e-01
8.1079098067316870e+00 2.0268182544423263e-01
8.2018894992022027e+00 1.9670555713220197e-01
8.2969585208349059e+00 1.9090321808845417e-01
8.3931294981663651e+00 1.8526982415649715e-01
8.4904152040887464e+00 1.7980053108744376e-01
8.5888285595462506e+00 1.7449063076414864e-01
8.6883826352511839e+00 1.6933554774808246e-01
8.7890906534199544e+00 1.6433083562812295e-01
8.8909659895291586e+00 1.5947217345721712e-01
8.9940221740920450e+00 1.5475536228504788e-01
9.0982728944555582e+00 1.5017632178419354e-01
9.2037319966182203e+00 1.4573108696733314e-01
9.3104134870690753e+00 1.4141580499311160e-01
9.4183315346479510e+00 1.3722673205833905e-01
9.5275004724272900e+00 1.3316023037425689e-01
9.6379347996157865e+00 1.2921276522466207e-01
9.7496491834840864e+00 1.2538090210373654e-01
9.8626584613128205e+00 1.2166130393148201e-01
9.9769776423632006e+00 1.1805072834471678e-01
1.0092621909870484e+01 1.1454602506163901e-01
1.0209606623060475e+01 1.1114413331801820e-01
1.0327947319189525e+01 1.0784207937311584e-01
1.0447659715608053e+01 1.0463697408349729e-01
1.0568759711848051e+01 1.0152601050743837e-01
1.0691263391734772e+01 9.8506461058737255e-02
1.0815187025522892e+01 9.5575675452524197e-02
1.0940547072057436e+01 9.2731079051563151e-02
1.1067360180959746e+01 8.9970170760330120e-02
1.1195643194838794e+01 8.7290520961050083e-02
1.1325413151528126e+01 8.4689769506493470e-02
1.1456687286348727e+01 8.2165623768009538e-02
1.1589483034398118e+01 7.9715856737311186e-02
1.1723818032865998e+01 7.7338305180564254e-02
1.1859710123376706e+01 7.5030867843375329e-02
1.1997177354358856e+01 7.2791503705305183e-02
1.2136237983442417e+01 7.0618230282573843e-02
1.2276910479883604e+01 6.8509121977655449e-02
1.2419213527017845e+01 6.6462308474499049e-02
1.2563166024741214e+01 6.4475973178140605e-02
1.2708787092020595e+01 6.2548351697507401e-02
1.2856096069432965e+01 6.0677730370244438e-02
1.3005112521734098e+01 5.8862444828426549e-02
1.3155856240457052e+01 5.7100878604047334e-02
1.3308347246540761e+01 5.5391461770823359e-02
1.3462605792989111e+01 5.3732669592208321e-02
1.3618652367560827e+01 5.2123021252471285e-02
1.3776507695490549e+01 5.0561078641290058e-02
1.3936192742241435e+01 4.9045445142781974e-02
1.4097728716289676e+01 4.7574764457426776e-02
1.4261137071941297e+01 4.6147719456822202e-02
1.4426439512181588e+01 4.4763031070375985e-02
1.4593657991557576e+01 4.3419457203062339e-02
1.4762814719093910e+01 4.2115791683394993e-02
1.4933932161242533e+01 4.0850863240790306e-02
1.5107033044866556e+01 3.9623534511516970e-02
1.5282140360258708e+01 3.8432701072449151e-02
1.5459277364194785e+01 3.7277290501862431e-02
1.5638467583022479e+01 3.6156261466530566e-02
1.5819734815786015e+01 3.5068602834402197e-02
1.6003103137387019e+01 3.4013332812154858e-02
1.6188596901781992e+01 3.2989498106943890e-02
1.6376240745216890e+01 3.1996173111680369e-02
1.6566059589499151e+01 3.1032459113191802e-02
1.6758078645307688e+01 3.0097483515474862e-02
1.6952323415541215e+01 2.9190398998539754e-02
1.7148819698705410e+01 2.8310382830609063e-02
1.7347593592339326e+01 2.7456636242157110e-02
1.7548671496481521e+01 2.6628383739781641e-02
1.7752080117176359e+01 2.5824872437506498e-02
1.7957846470020968e+01 2.5045371406988905e-02
1.8165997883753285e+01 2.4289171046107033e-02
1.8376562003881723e+01 2.3555582465416534e-02
1.8589566796356884e+01 2.2843936891980346e-02
1.8805040551285835e+01 2.2153585090088055e-02
1.9023011886689456e+01 2.1483896798394797e-02
1.9243509752303321e+01 2.0834260183022972e-02
1.9466563433422632e+01 2.0204081306181881e-02
1.9692202554791734e+01 1.9592783609872537e-02
1.9920457084538711e+01 1.8999807414257407e-02
2.0151357338155584e+01 1.8424609430285271e-02
2.0384933982524643e+01 1.7866662286173701e-02
2.0621218039991444e+01 1.7325454067361714e-02
2.0860240892485049e+01 1.6800487869556034e-02
2.1102034285685967e+01 1.6291281352317916e-02
2.1346630333242455e+01 1.5797366171429291e-02
2.1594061521035677e+01 1.5318287636790022e-02
2.1844360711494286e+01 1.4853604434777358e-02
2.2097561147959031e+01 1.4402888241623907e-02
2.2353696459097964e+01 1.3965723345328022e-02
2.2612800663372795e+01 1.3541706278437817e-02
2.2874908173557042e+01 1.3130445461399911e-02
2.3140053801306539e+01 1.2731560856173090e-02
2.3408272761782943e+01 1.2344683629815046e-02
2.3679600678330786e+01 1.1969455827758848e-02
2.3954073587208793e+01 1.1605530056503341e-02
2.4231727942376008e+01 1.1252569175450063e-02
2.4512600620333398e+01 1.0910245997626050e-02
2.4796728925021601e+01 1.0578242999039617e-02
2.5084150592775412e+01 1.0256252036423358e-02
2.5374903797335715e+01 9.9439740731252554e-03
2.5669027154919519e+01 9.6411189129156152e-03
2.5966559729348724e+01 9.3474049414843160e-03
2.6267541037238384e+01 9.0625588754086172e-03
2.6572011053245067e+01 8.7863155212747832e-03
2.6880010215376075e+01 8.5184175708384689e-03
2.7191579430360189e+01 8.2586153549372848e-03
2.7506760079080674e+01 8.0066665950389217e-03
2.7825594022071257e+01 7.7623361865411271e-03
2.8148123605075813e+01 7.5253959888044938e-03
2.8474391664672478e+01 7.2956246212529776e-03
2.8804441533962979e+01 7.0728072653689260e-03
2.9138317048327885e+01 6.8567354724147168e-03
2.9476062551248585e+01 6.6472069767177866e-03
2.9817722900196735e+01 6.4440255143599903e-03
3.0163343472591972e+01 6.2470006471173701e-03
3.0512970171828709e+01 6.0559475915001474e-03
3.0866649433372746e+01 5.8706870527472799e-03
3.1224428230928581e+01 5.6910450636339831e-03
3.1586354082678191e+01 5.5168528279545626e-03
3.1952475057592135e+01 5.3479465685467732e-03
3.2322839781813805e+01 5.1841673797277197e-03
3.2697497445117676e+01 5.0253610840150231e-03
3.3076497807442422e+01 4.8713780930103980e-03
3.3459891205499751e+01 4.7220732643019903e-03
3.3847728559459831e+01 4.5773056888880892e-03
3.4240061379714255e+01 4.4369386087380908e-03
3.4636941773717346e+01 4.3008393548439171e-03
3.5038422452906758e+01 4.1688792268325149e-03
3.5444556739704353e+01 4.0409333751230264e-03
3.5855398574598169e+01 3.9168806865589340e-03
3.6271002523306485e+01 3.7966036734135198e-03
3.6691423784024941e+01 3.6799883656696715e-03
3.7116718194757667e+01 3.5669242064781232e-03
3.7546942240733365e+01 3.4573039507009191e-03
3.7982153061907361e+01 3.3510235664496375e-03
3.8422408460550606e+01 3.2479821395305971e-03
3.8867766908926676e+01 3.1480817807116482e-03
3.9318287557057701e+01 3.0512275357279365e-03
3.9774030240580366e+01 2.9573272979461665e-03
4.0235055488692929e+01 2.8662917236093387e-03
4.0701424532194387e+01 2.7780341495862652e-03
4.1173199311616791e+01 2.6924705135522972e-03
4.1650442485451848e+01 2.6095192765299047e-03
4.2133217438472890e+01 2.5291013438904480e-03
4.2621588290153248e+01 2.4511399565478884e-03
4.3115619903182285e+01 2.3755606414454728e-03
4.3615377892080055e+01 2.3022911688605810e-03
4.4120928631911902e+01 2.2312614855048989e-03
4.4632339267103973e+01 2.1624036492596810e-03
4.5149677720361019e+01 2.0956517658617196e-03
4.5673012701687469e+01 2.0309419274817876e-03
4.6202413717513132e+01 1.9682121531391030e-03
4.6737951079924635e+01 1.9074023308970460e-03
4.7279695916003909e+01 1.8484541617869528e-03
4.7827720177274855e+01 1.7913111054084234e-03
4.8382096649259573e+01 1.7359183271561066e-03
4.8942898961145318e+01 1.6822226470244782e-03
4.9510201595563515e+01 1.6301724899434428e-03
5.0084079898482123e+01 1.5797178375991591e-03
5.0664610089212687e+01 1.5308101816956957e-03
5.1251869270533327e+01 1.4834024786145911e-03
5.1845935438929132e+01 1.4374491054305225e-03
5.2446887494951191e+01 1.3929058172427080e-03
5.3054805253695740e+01 1.3497297104007263e-03
5.3669769455404762e+01 1.3078792223024773e-03
5.4291861776189428e+01 1.2673140670906946e-03
5.4921164838877893e+01 1.2279951701439805e-03
5.5557762223988775e+01 1.1898846317668567e-03
5.6201738480831878e+01 1.1529456922757862e-03
5.6853179138737531e+01 1.1171426981095697e-03
5.7512170718416137e+01 1.0824410689344371e-03
5.8178800743449351e+01 1.0488072657150918e-03
5.8853157751914502e+01 1.0162087597236948e-03
5.9535331308143704e+01 9.8461400245960628e-04
6.0225412014619280e+01 9.5399239645352070e-04
6.0923491524007119e+01 9.2431426693029913e-04
6.1629662551329425e+01 8.9555083430561998e-04
6.2344018886278640e+01 8.6767418749222165e-04
6.3066655405674055e+01 8.4065725799224830e-04
6.3797668086062821e+01 8.1447379475283767e-04
6.4537154016467014e+01 7.8909833976277934e-04
6.5285211411278468e+01 7.6450620436870379e-04
6.6041939623303051e+01 7.4067344628984174e-04
6.6807439156956150e+01 7.1757682837150609e-04
6.7581811681611100e+01 6.9519364544267531e-04
6.8365160045102385e+01 6.7350180560163332e-04
6.9157588287385252e+01 6.5247991043043544e-04
6.9959201654353748e+01 6.3210723363024733e-04
7.0770106611818889e+01 6.1236369936277721e-04
7.1590410859648884e+01 5.9322986131310799e-04
7.2420223346073158e+01 5.7468688244896268e-04
7.3259654282152297e+01 5.5671651545238820e-04
7.4108815156415702e+01 5.3930108380069951e-04
7.4967818749668766e+01 5.2242346347431909e-04
7.5836779149971903e+01 5.0606706526999906e-04
7.6715811767793028e+01 4.9021581769863212e-04
7.7605033351335706e+01 4.7485415044762097e-04
7.8504562002045091e+01 4.5996697838849486e-04
7.9414517190293395e+01 4.4553968611112679e-04
8.0335019771247346e+01 4.3155811296658711e-04
8.1266192000919460e+01 4.1800853860129436e-04
8.2208157552405410e+01 4.0487766896573084e-04
8.3161041532309611e+01 3.9215262278160932e-04
8.4124970497361190e+01 3.7982095203433619e-04
8.5100072471222461e+01 3.6787087781050035e-04
8.6086476961492451e+01 3.5629110012421096e-04
8.7084314976907237e+01 3.4507062809672659e-04
8.8093719044739913e+01 3.3419877146908340e-04
8.9114823228402017e+01 3.2366513357882449e-04
9.0147763145249172e+01 3.1345960444671965e-04
9.1192675984592981e+01 3.0357235397427621e-04
9.2249700525921739e+01 2.9399382525275067e-04
9.3318977157332384e+01 2.8471472798417710e-04
9.4400647894176032e+01 2.7572603201480482e-04
9.5494856397919662e+01 2.6701896098117424e-04
9.6601747995226461e+01 2.5858498606896998e-04
9.7721469697257248e+01 2.5041581988461927e-04
9.8854170219195737e+01 2.4250341043951352e-04
1.0000000000000000e+02 2.3483993524662741e-04
